ball 	 paddle 
[[400, 300]]	[[400, 50]]
[[400, 300]]	[[400, 50]]
[[400, 300]]	[[400, 50]]
[[400, 300]]	[[400, 50]]
[[400, 300]]	[[400, 50]]
[[400, 300]]	[[400, 50]]
[[400, 300]]	[[400, 50]]
[[400, 300]]	[[400, 50]]
[[400, 300]]	[[400, 50]]
[[400, 300]]	[[400, 50]]
[[400, 300]]	[[400, 50]]
[[400, 300]]	[[400, 50]]
[[400, 300]]	[[400, 50]]
[[400, 300]]	[[400, 50]]
[[400, 300]]	[[400, 50]]
[[400, 300]]	[[400, 50]]
[[400, 300]]	[[400, 50]]
[[400, 300]]	[[400, 50]]
[[400, 300]]	[[400, 50]]
[[400, 300]]	[[400, 50]]
[[400, 300]]	[[400, 50]]
[[400, 300]]	[[400, 50]]
[[400, 300]]	[[400, 50]]
[[400, 300]]	[[400, 50]]
[[400, 300]]	[[400, 50]]
[[400, 300]]	[[400, 50]]
[[400, 300]]	[[400, 50]]
[[400, 300]]	[[400, 50]]
[[400, 300]]	[[400, 50]]
[[400, 300]]	[[400, 50]]
[[400, 300]]	[[400, 50]]
[[400, 300]]	[[400, 50]]
[[400, 300]]	[[400, 50]]
[[400, 300]]	[[400, 50]]
[[400, 300]]	[[400, 50]]
[[400, 300]]	[[400, 50]]
[[400, 300]]	[[400, 50]]
[[400, 300]]	[[400, 50]]
[[400, 300]]	[[400, 50]]
[[400, 300]]	[[400, 50]]
[[400, 300]]	[[400, 50]]
[[400, 300]]	[[400, 50]]
[[400, 300]]	[[400, 50]]
[[400, 300]]	[[400, 50]]
[[400, 300]]	[[400, 50]]
[[400, 300]]	[[400, 50]]
[[400, 300]]	[[400, 50]]
[[400, 300]]	[[400, 50]]
[[400, 300]]	[[400, 50]]
[[400, 300]]	[[400, 50]]
[[400, 300]]	[[400, 50]]
[[400, 300]]	[[400, 50]]
[[400, 300]]	[[400, 50]]
[[400, 300]]	[[400, 50]]
[[400, 300]]	[[400, 50]]
[[407.6244284175997, 290.8626024317096]]	[[400, 50]]
[[413.19311413322663, 284.18888310094803]]	[[400, 50]]
[[416.4462698668578, 280.29018071151575]]	[[400, 50]]
[[419.82331693511367, 276.2430023553974]]	[[400, 50]]
[[423.0273287933903, 272.403195807406]]	[[400, 50]]
[[426.32962840237604, 268.44559757653275]]	[[400, 50]]
[[429.6252692038233, 264.49597950738143]]	[[400, 50]]
[[432.9193156429021, 260.54827218117765]]	[[400, 50]]
[[436.2129869378943, 256.60101444154975]]	[[400, 50]]
[[439.5050638705181, 252.65566744486935]]	[[400, 50]]
[[442.7906695676467, 248.71807581662299]]	[[400, 50]]
[[446.2102017037186, 244.6199817807856]]	[[408.69297981262207, 50]]
[[459.0231541981101, 229.26446467807125]]	[[441.26548767089844, 50]]
[[462.3091350393254, 225.326423463249]]	[[449.6189594268799, 50]]
[[465.61087193218106, 221.36949961223957]]	[[458.0124855041504, 50]]
[[468.8783769271276, 217.45360053627965]]	[[466.3189888000488, 50]]
[[472.19230600280025, 213.48206512155394]]	[[474.74350929260254, 50]]
[[475.4521205439699, 209.57538257039968]]	[[483.03046226501465, 50]]
[[478.79849958314, 205.5649579168599]]	[[491.5374755859375, 50]]
[[482.0539999673129, 201.6634456113283]]	[[499.81346130371094, 50]]
[[485.36792904298557, 197.6919101966026]]	[[508.23798179626465, 50]]
[[488.64800136483575, 193.76094997035054]]	[[516.5764331817627, 50]]
[[491.93834325605866, 189.8176823115836]]	[[524.9409914016724, 50]]
[[495.2103499800453, 185.89638819671308]]	[[533.2589387893677, 50]]
[[498.51860500140697, 181.93165277894764]]	[[541.6690349578857, 50]]
[[501.8161684162984, 177.9797305785949]]	[[550.0519514083862, 50]]
[[505.09610005911605, 174.04893894730878]]	[[558.3900451660156, 50]]
[[508.40998224177787, 170.07745973090505]]	[[566.8144464492798, 50]]
[[511.7286475115448, 166.10024828565878]]	[[575.2510070800781, 50]]
[[514.9843354677611, 162.19851118683926]]	[[583.5274696350098, 50]]
[[518.440678617338, 158.05630146824313]]	[[583.5274696350098, 50]]
[[521.5651599292394, 154.31180727433943]]	[[583.5274696350098, 50]]
[[524.8673188591926, 150.3543776384321]]	[[583.5274696350098, 50]]
[[528.1562539600905, 146.41279592932474]]	[[583.5274696350098, 50]]
[[531.4709333239365, 142.44036134144727]]	[[583.5274696350098, 50]]
[[534.7443468382481, 138.51738127691715]]	[[583.5274696350098, 50]]
[[538.0417695741071, 134.5656276715304]]	[[583.5274696350098, 50]]
[[541.3491805212738, 130.6019038235607]]	[[583.5274696350098, 50]]
[[544.6629220249031, 126.63059320212292]]	[[583.5274696350098, 50]]
[[547.909934774115, 122.73925279287073]]	[[583.5274696350098, 50]]
[[551.2284124718385, 118.76226614091242]]	[[583.5274696350098, 50]]
[[554.5134085598263, 114.82540509085186]]	[[583.5274696350098, 50]]
[[557.8393422462726, 110.83948290569782]]	[[583.5274696350098, 50]]
[[561.0729904873966, 106.96415901821155]]	[[583.5274696350098, 50]]
[[564.3902489668385, 102.98863352262485]]	[[583.5274696350098, 50]]
[[567.6799812489205, 99.04609644204373]]	[[583.5274696350098, 50]]
[[570.9876266611413, 95.0820916024641]]	[[583.5274696350098, 50]]
[[574.2559288372721, 91.16523715503043]]	[[583.5274696350098, 50]]
[[577.5798461242525, 87.18173149772177]]	[[583.5274696350098, 50]]
[[580.8443968595165, 83.26937291604695]]	[[583.5274696350098, 50]]
[[584.1508699464664, 79.30677303451697]]	[[583.5274696350098, 50]]
[[587.6583264778529, 75.10330714495649]]	[[592.4439668655396, 50]]
[[590.7287401482621, 71.42360961630224]]	[[600.249433517456, 50]]
[[594.0501252126575, 67.44313866838081]]	[[608.6929082870483, 50]]
[[597.3082047124262, 63.53853545514001]]	[[616.9754505157471, 50]]
[[600.6114890746395, 59.57975705950504]]	[[625.3729104995728, 50]]
[[603.9222763185862, 67.50630558229268]]	[[633.7894439697266, 50]]
[[607.2411291603966, 71.48374182082688]]	[[633.7894439697266, 50]]
[[610.5495248607907, 75.44864583355827]]	[[633.7894439697266, 50]]
[[613.768073552426, 79.30587386136517]]	[[633.7894439697266, 50]]
[[617.0778760431452, 83.27246382375614]]	[[633.7894439697266, 50]]
[[620.366576678989, 87.21376454125357]]	[[633.7894439697266, 50]]
[[623.6555586728977, 91.1554024486829]]	[[633.7894439697266, 50]]
[[626.9326767350652, 95.08282218064988]]	[[633.7894439697266, 50]]
[[630.2520922930055, 99.06093279904792]]	[[633.7894439697266, 50]]
[[633.5689756283607, 103.03600870805872]]	[[633.7894439697266, 50]]
[[636.8058125942215, 106.91515408144002]]	[[633.7894439697266, 50]]
[[640.1148179037565, 110.88078867235724]]	[[633.7894439697266, 50]]
[[643.4541160982906, 114.88272737927718]]	[[633.7894439697266, 50]]
[[646.756228135233, 118.8401008168625]]	[[633.7894439697266, 50]]
[[649.9999114806756, 122.72745114525371]]	[[633.7894439697266, 50]]
[[653.2796086584391, 126.6579617849299]]	[[633.7894439697266, 50]]
[[656.5890360050716, 130.62410216074497]]	[[633.7894439697266, 50]]
[[659.8817225468363, 134.5701797356112]]	[[633.7894439697266, 50]]
[[663.1877735966888, 138.5322738322433]]	[[633.7894439697266, 50]]
[[666.4481977469993, 142.4396869615834]]	[[633.7894439697266, 50]]
[[669.7532640436242, 146.4006008934538]]	[[633.7894439697266, 50]]
[[673.0449658321613, 150.34549830355832]]	[[633.7894439697266, 50]]
[[676.3441236094211, 154.29933124685854]]	[[633.7894439697266, 50]]
[[679.645250893136, 158.25552451968218]]	[[633.7894439697266, 50]]
[[682.9286995117662, 162.19053102511722]]	[[633.7894439697266, 50]]
[[686.2201668352492, 166.1351474436118]]	[[633.7894439697266, 50]]
[[689.5075544667895, 170.07487460809364]]	[[633.7894439697266, 50]]
[[692.7978494650016, 174.01808606853857]]	[[633.7894439697266, 50]]
[[696.0783438239492, 177.94955207968852]]	[[633.7894439697266, 50]]
[[699.3787208194907, 181.90484617936036]]	[[633.7894439697266, 50]]
[[702.7091562349771, 185.89616340342502]]	[[633.7894439697266, 50]]
[[705.9623119686082, 189.79486579285734]]	[[633.7894439697266, 50]]
[[709.2923253469971, 193.7856772320241]]	[[633.7894439697266, 50]]
[[712.576149109714, 197.72113332403504]]	[[633.7894439697266, 50]]
[[715.863911885341, 201.66131007509276]]	[[633.7894439697266, 50]]
[[719.1408892684761, 205.58856121209377]]	[[633.7894439697266, 50]]
[[722.451066903282, 209.55560076106062]]	[[633.7894439697266, 50]]
[[725.7311392251322, 213.48656098731269]]	[[633.7894439697266, 50]]
[[729.0134155184916, 217.42016253469808]]	[[633.7894439697266, 50]]
[[732.2995839317502, 221.35842854280827]]	[[633.7894439697266, 50]]
[[735.6040875122452, 225.31866809481485]]	[[633.7894439697266, 50]]
[[738.8873016658213, 229.25339360863995]]	[[633.7894439697266, 50]]
[[742.1876786613627, 233.2086877083118]]	[[633.7894439697266, 50]]
[[745.4984190122987, 237.17640163714248]]	[[633.7894439697266, 50]]
[[748.7818676309289, 241.11140814257752]]	[[633.7894439697266, 50]]
[[752.0698179785993, 245.05180968692318]]	[[633.7894439697266, 50]]
[[755.3873109230954, 249.0276161741198]]	[[633.7894439697266, 50]]
[[758.6404197637157, 252.92626236523012]]	[[633.7894439697266, 50]]
[[761.9492375012074, 256.8916721628594]]	[[633.7894439697266, 50]]
[[765.2570704854717, 260.85590179572694]]	[[633.7894439697266, 50]]
[[768.5456304422829, 264.7970339182584]]	[[633.7894439697266, 50]]
[[771.8304389582273, 268.733670175031]]	[[633.7894439697266, 50]]
[[775.1984356753921, 272.7700022550062]]	[[625.2274751663208, 50]]
[[778.4222832772517, 276.6335806931975]]	[[617.0319557189941, 50]]
[[778.4222832772517, 280.5897739660211]]	[[608.6399793624878, 50]]
[[775.0867365235844, 284.5872168071822]]	[[600.1605033874512, 50]]
[[771.8280474146748, 288.49255059860883]]	[[591.8764114379883, 50]]
[[768.5082567126478, 292.47111080358275]]	[[583.4369897842407, 50]]
[[765.2230261596059, 296.40825284525323]]	[[575.0854253768921, 50]]
[[761.9661658781188, 300.3113949021224]]	[[566.8059825897217, 50]]
[[758.6843116218569, 304.24449066460994]]	[[558.4630012512207, 50]]
[[755.3259279719131, 308.26930208857806]]	[[558.4630012512207, 50]]
[[752.0198769220606, 312.2313961852102]]	[[558.4630012512207, 50]]
[[748.7915275911608, 316.1003696623121]]	[[558.4630012512207, 50]]
[[745.4473056304892, 320.1082091930406]]	[[558.4630012512207, 50]]
[[742.2248179259437, 323.97015787989426]]	[[558.4630012512207, 50]]
[[738.9177821228637, 327.93343214128805]]	[[558.4630012512207, 50]]
[[735.6341459321901, 331.868663440011]]	[[558.4630012512207, 50]]
[[732.3371452334287, 335.8199112604999]]	[[558.4630012512207, 50]]
[[729.0570729115785, 339.750871486752]]	[[558.4630012512207, 50]]
[[725.7431438359059, 343.7224069014777]]	[[558.4630012512207, 50]]
[[722.4406097618661, 347.6802861239609]]	[[558.4630012512207, 50]]
[[719.1729171948763, 351.5964099932088]]	[[558.4630012512207, 50]]
[[715.8784956117107, 355.54456690598846]]	[[558.4630012512207, 50]]
[[712.5797129785376, 359.4979502627128]]	[[558.4630012512207, 50]]
[[709.2805552012778, 363.45178320601303]]	[[558.4630012512207, 50]]
[[705.9904008820982, 367.394826071492]]	[[558.4630012512207, 50]]
[[702.7067646914246, 371.33005737021494]]	[[558.4630012512207, 50]]
[[699.3946175501636, 375.2994572487052]]	[[558.4630012512207, 50]]
[[699.3946175501636, 375.2994572487052]]	[[558.4630012512207, 50]]
[[699.3946175501636, 375.2994572487052]]	[[558.4630012512207, 50]]
[[699.3946175501636, 375.2994572487052]]	[[558.4630012512207, 50]]
[[699.3946175501636, 375.2994572487052]]	[[558.4630012512207, 50]]
[[699.3946175501636, 375.2994572487052]]	[[558.4630012512207, 50]]
[[699.3946175501636, 375.2994572487052]]	[[558.4630012512207, 50]]
[[699.3946175501636, 375.2994572487052]]	[[558.4630012512207, 50]]
[[699.3946175501636, 375.2994572487052]]	[[558.4630012512207, 50]]
[[699.3946175501636, 375.2994572487052]]	[[558.4630012512207, 50]]
[[699.3946175501636, 375.2994572487052]]	[[558.4630012512207, 50]]
[[699.3946175501636, 375.2994572487052]]	[[558.4630012512207, 50]]
[[699.3946175501636, 375.2994572487052]]	[[558.4630012512207, 50]]
[[699.3946175501636, 375.2994572487052]]	[[558.4630012512207, 50]]
[[699.3946175501636, 375.2994572487052]]	[[558.4630012512207, 50]]
[[699.3946175501636, 375.2994572487052]]	[[558.4630012512207, 50]]
[[699.3946175501636, 375.2994572487052]]	[[558.4630012512207, 50]]
[[699.3946175501636, 375.2994572487052]]	[[558.4630012512207, 50]]
[[699.3946175501636, 375.2994572487052]]	[[558.4630012512207, 50]]
[[699.3946175501636, 375.2994572487052]]	[[558.4630012512207, 50]]
[[699.3946175501636, 375.2994572487052]]	[[558.4630012512207, 50]]
[[699.3946175501636, 375.2994572487052]]	[[558.4630012512207, 50]]
[[699.3946175501636, 375.2994572487052]]	[[558.4630012512207, 50]]
[[699.3946175501636, 375.2994572487052]]	[[558.4630012512207, 50]]
[[699.3946175501636, 375.2994572487052]]	[[558.4630012512207, 50]]
[[699.3946175501636, 375.2994572487052]]	[[558.4630012512207, 50]]
[[699.3946175501636, 375.2994572487052]]	[[558.4630012512207, 50]]
[[699.3946175501636, 375.2994572487052]]	[[558.4630012512207, 50]]
[[699.3946175501636, 375.2994572487052]]	[[558.4630012512207, 50]]
[[699.3946175501636, 375.2994572487052]]	[[558.4630012512207, 50]]
[[699.3946175501636, 375.2994572487052]]	[[558.4630012512207, 50]]
[[699.3946175501636, 375.2994572487052]]	[[558.4630012512207, 50]]
[[699.3946175501636, 375.2994572487052]]	[[558.4630012512207, 50]]
