ball 	 paddle 
[[400, 300]]	[[400, 50]]
[[400, 300]]	[[400, 50]]
[[400, 300]]	[[400, 50]]
[[400, 300]]	[[400, 50]]
[[400, 300]]	[[400, 50]]
[[400, 300]]	[[400, 50]]
[[400, 300]]	[[400, 50]]
[[400, 300]]	[[400, 50]]
[[400, 300]]	[[400, 50]]
[[400, 300]]	[[400, 50]]
[[400, 300]]	[[400, 50]]
[[400, 300]]	[[400, 50]]
[[400, 300]]	[[400, 50]]
[[400, 300]]	[[400, 50]]
[[400, 300]]	[[400, 50]]
[[400, 300]]	[[400, 50]]
[[400, 300]]	[[400, 50]]
[[400, 300]]	[[400, 50]]
[[400, 300]]	[[400, 50]]
[[400, 300]]	[[400, 50]]
[[400, 300]]	[[400, 50]]
[[400, 300]]	[[400, 50]]
[[400, 300]]	[[400, 50]]
[[400, 300]]	[[400, 50]]
[[400, 300]]	[[400, 50]]
[[400, 300]]	[[400, 50]]
[[400, 300]]	[[400, 50]]
[[400, 300]]	[[400, 50]]
[[400, 300]]	[[400, 50]]
[[400, 300]]	[[400, 50]]
[[400, 300]]	[[400, 50]]
[[400, 300]]	[[400, 50]]
[[400, 300]]	[[400, 50]]
[[400, 300]]	[[400, 50]]
[[400, 300]]	[[400, 50]]
[[400, 300]]	[[400, 50]]
[[405.58089538508534, 293.80737080175504]]	[[400, 50]]
[[409.42802869933155, 289.5385450224706]]	[[400, 50]]
[[411.80078830630316, 286.90570218835893]]	[[400, 50]]
[[414.1477911274984, 284.3014393960947]]	[[400, 50]]
[[416.56451257825586, 281.6198159669974]]	[[400, 50]]
[[418.9469815494992, 278.9761995045454]]	[[400, 50]]
[[421.26613737455403, 276.4028360768962]]	[[400, 50]]
[[423.64398765515426, 273.7643445695922]]	[[400, 50]]
[[426.00821785531775, 271.1409660687101]]	[[400, 50]]
[[428.3733245953113, 268.51661494860286]]	[[400, 50]]
[[430.805621484588, 265.81770882404294]]	[[408.6005926132202, 50]]
[[433.0952109469127, 263.2771525910275]]	[[416.696572303772, 50]]
[[435.4647003860567, 260.6479383747944]]	[[425.0750780105591, 50]]
[[437.8433597803462, 258.0085490651287]]	[[433.486008644104, 50]]
[[440.22019866883477, 255.37117981077682]]	[[441.8905019760132, 50]]
[[442.55830123944764, 252.77679284449124]]	[[450.1580238342285, 50]]
[[444.95705362368835, 250.11510810951003]]	[[458.6400032043457, 50]]
[[447.32441913939795, 247.48825062447636]]	[[467.0109987258911, 50]]
[[449.6811987510057, 244.87313938700825]]	[[475.3445625305176, 50]]
[[452.04445127212796, 242.25084573064655]]	[[483.7010145187378, 50]]
[[454.4204473338568, 239.6144116870881]]	[[492.1025276184082, 50]]
[[456.7797554257437, 236.9964948172397]]	[[500.445032119751, 50]]
[[459.1467163846086, 234.37008623338687]]	[[508.8145971298218, 50]]
[[461.5163406760342, 231.7407223834268]]	[[517.1935796737671, 50]]
[[463.8930447122412, 229.10350276280187]]	[[525.5975961685181, 50]]
[[466.2449696417131, 226.49377833950393]]	[[533.9139938354492, 50]]
[[468.54548213884345, 223.94110177460558]]	[[542.0485973358154, 50]]
[[475.5493050857914, 216.1695748980192]]	[[566.8140888214111, 50]]
[[477.9176482805422, 213.54163256846513]]	[[575.1885414123535, 50]]
[[480.2821818983392, 210.91791739169742]]	[[583.5495233535767, 50]]
[[482.6440521835756, 208.29715748103695]]	[[591.9010877609253, 50]]
[[485.03205009836256, 205.64740603578]]	[[600.3450393676758, 50]]
[[487.415395609436, 203.0028169541028]]	[[600.3450393676758, 50]]
[[489.73455143449087, 200.42945352645364]]	[[600.3450393676758, 50]]
[[492.0923087251399, 197.81325744446514]]	[[600.3450393676758, 50]]
[[494.462506138762, 195.18325765116552]]	[[600.3450393676758, 50]]
[[496.84258148200786, 192.54229718736684]]	[[600.3450393676758, 50]]
[[499.2114977989553, 189.91371891447326]]	[[600.3450393676758, 50]]
[[501.60674402387565, 187.25592465639275]]	[[600.3450393676758, 50]]
[[503.9935956942694, 184.60744509781486]]	[[600.3450393676758, 50]]
[[506.3297091937294, 182.01526522900178]]	[[600.3450393676758, 50]]
[[508.6787010860776, 179.40879533926503]]	[[600.3450393676758, 50]]
[[511.0588101423938, 176.76779746703463]]	[[600.3450393676758, 50]]
[[513.4241865869504, 174.14314707947347]]	[[600.3450393676758, 50]]
[[515.7829215566406, 171.5258661529646]]	[[600.3450393676758, 50]]
[[518.1500173677871, 168.89930793538483]]	[[600.3450393676758, 50]]
[[520.509325459674, 166.2813910655364]]	[[600.3450393676758, 50]]
[[522.9042682669608, 163.62393348334155]]	[[600.3450393676758, 50]]
[[525.2905805282284, 160.97605245967145]]	[[600.3450393676758, 50]]
[[527.629795630164, 158.38043101513853]]	[[600.3450393676758, 50]]
[[529.9811811505098, 155.77130512674842]]	[[600.3450393676758, 50]]
[[532.3717412586462, 153.1187106406794]]	[[600.3450393676758, 50]]
[[534.7286557225356, 150.50344976948435]]	[[600.3450393676758, 50]]
[[537.1067757076988, 147.86465899472645]]	[[600.3450393676758, 50]]
[[539.4669266263454, 145.2458069140846]]	[[600.3450393676758, 50]]
[[541.8299094429045, 142.6238125251768]]	[[600.3450393676758, 50]]
[[544.1812949632503, 140.01468663678668]]	[[600.3450393676758, 50]]
[[546.5685849035591, 137.3657207685962]]	[[600.3450393676758, 50]]
[[548.9336916435527, 134.74136964848893]]	[[600.3450393676758, 50]]
[[551.3029113781337, 132.1124546997097]]	[[600.3450393676758, 50]]
[[553.6666021691709, 129.48967473373543]]	[[600.3450393676758, 50]]
[[556.0558811806326, 126.83850176807243]]	[[600.3450393676758, 50]]
[[558.4047382206992, 124.23218151206261]]	[[600.3450393676758, 50]]
[[560.7664399405836, 121.61160864356083]]	[[600.3450393676758, 50]]
[[563.1486392072638, 118.9682914485627]]	[[600.3450393676758, 50]]
[[565.4956420284591, 116.36402865629843]]	[[600.3450393676758, 50]]
[[567.8628726918871, 113.73732080499171]]	[[600.3450393676758, 50]]
[[570.2425434782882, 111.0968092423739]]	[[600.3450393676758, 50]]
[[572.608627897323, 108.47137327774625]]	[[600.3450393676758, 50]]
[[574.9840845499257, 105.83553776909561]]	[[600.3450393676758, 50]]
[[577.3249853053808, 103.23804590297583]]	[[600.3450393676758, 50]]
[[579.7056674838935, 100.59641208740588]]	[[600.3450393676758, 50]]
[[582.0644024535837, 97.979131160897]]	[[600.3450393676758, 50]]
[[584.4412413420723, 95.34176190654512]]	[[600.3450393676758, 50]]
[[586.8017968175635, 92.72246092472241]]	[[600.3450393676758, 50]]
[[589.1746912768167, 90.08946845688381]]	[[600.3450393676758, 50]]
[[591.5385169201355, 87.46653885718257]]	[[600.3450393676758, 50]]
[[593.9130970329081, 84.83167596775709]]	[[600.3450393676758, 50]]
[[596.2731130992731, 82.21297352084218]]	[[600.3450393676758, 50]]
[[598.7005890194844, 79.51941680202069]]	[[600.3450393676758, 50]]
[[601.0096983495637, 76.95720108702929]]	[[600.3450393676758, 50]]
[[603.3882228915717, 74.31796141109054]]	[[600.3450393676758, 50]]
[[605.7581506006308, 71.68826088524483]]	[[600.3450393676758, 50]]
[[608.1223808007942, 69.06488238436275]]	[[600.3450393676758, 50]]
[[610.4832734069893, 66.44520731822267]]	[[600.3450393676758, 50]]
[[612.834658927335, 63.83608142983255]]	[[600.3450393676758, 50]]
[[615.2034403920009, 61.20765279066591]]	[[600.3450393676758, 50]]
[[617.5940005001373, 58.5550583045969]]	[[600.3450393676758, 50]]
[[619.9818635626427, 63.85725460219593]]	[[600.3450393676758, 50]]
[[622.3201009855371, 66.45179120220845]]	[[600.3450393676758, 50]]
[[624.6825106798997, 69.07314964777672]]	[[600.3450393676758, 50]]
[[627.0616083441042, 71.713025267055]]	[[600.3450393676758, 50]]
[[629.4271533540128, 74.33786269677485]]	[[600.3450393676758, 50]]
[[631.7974856199165, 76.9680121238014]]	[[600.3450393676758, 50]]
[[634.1482980180656, 79.576502068852]]	[[600.3450393676758, 50]]
[[636.4992789815666, 82.18517905606127]]	[[600.3450393676758, 50]]
[[638.9069316163897, 84.85673961702116]]	[[600.3450393676758, 50]]
[[641.2744319843808, 87.48374673578178]]	[[600.3450393676758, 50]]
[[643.6317510051148, 90.09945650815769]]	[[600.3450393676758, 50]]
[[646.0086236066737, 92.7368631709413]]	[[600.3450393676758, 50]]
[[648.3499626320438, 95.33484134667367]]	[[600.3450393676758, 50]]
[[650.7218456991853, 97.96671156156015]]	[[600.3450393676758, 50]]
[[653.1147994353194, 100.62196204628252]]	[[600.3450393676758, 50]]
[[655.4622405264297, 103.22671114815937]]	[[600.3450393676758, 50]]
[[657.8126483677341, 105.8347521920291]]	[[600.3450393676758, 50]]
[[660.2353033188799, 108.52295950511214]]	[[600.3450393676758, 50]]
[[662.5524700727818, 111.09411583528878]]	[[600.3450393676758, 50]]
[[664.9333882427874, 113.73601150988088]]	[[600.3450393676758, 50]]
[[667.303889074043, 116.36634797906612]]	[[600.3450393676758, 50]]
[[669.6600618503838, 118.98078586476296]]	[[600.3450393676758, 50]]
[[672.0182574109479, 121.59746825636405]]	[[600.3450393676758, 50]]
[[674.4027154533441, 124.24329181628859]]	[[600.3450393676758, 50]]
[[676.7567980193207, 126.8554103792177]]	[[600.3450393676758, 50]]
[[679.1336369078093, 129.49277963356957]]	[[600.3450393676758, 50]]
[[681.5075090461038, 132.12685694592855]]	[[600.3450393676758, 50]]
[[683.8638503877966, 134.74148187378407]]	[[600.3450393676758, 50]]
[[686.2480387256297, 137.3870061662547]]	[[600.3450393676758, 50]]
[[688.5995590982569, 139.9962816883718]]	[[600.3450393676758, 50]]
[[690.9808143989663, 142.6385514472813]]	[[600.3450393676758, 50]]
[[693.3378300020668, 145.25392454377157]]	[[600.3450393676758, 50]]
[[695.7051955177764, 147.88078202880524]]	[[600.3450393676758, 50]]
[[698.085169721811, 150.5216302673087]]	[[600.3450393676758, 50]]
[[700.4848997850929, 153.1843998468103]]	[[600.3450393676758, 50]]
[[702.8159226109243, 155.77093104243102]]	[[600.3450393676758, 50]]
[[705.1890867747406, 158.4042227777235]]	[[600.3450393676758, 50]]
[[707.5488331365425, 161.02262595718452]]	[[600.3450393676758, 50]]
[[709.9123890752983, 163.64525628943184]]	[[600.3450393676758, 50]]
[[712.27820378977, 166.27039298660557]]	[[600.3450393676758, 50]]
[[714.7043986133065, 168.96252818502103]]	[[600.3450393676758, 50]]
[[717.0129348211891, 171.52410795667288]]	[[600.3450393676758, 50]]
[[719.405450287408, 174.17887213178267]]	[[600.3450393676758, 50]]
[[721.7558581287125, 176.78691317565242]]	[[600.3450393676758, 50]]
[[724.1090978679294, 179.39809652778808]]	[[600.3450393676758, 50]]
[[726.5137837525584, 182.0663651467551]]	[[600.3450393676758, 50]]
[[726.5137837525584, 182.0663651467551]]	[[600.3450393676758, 50]]
[[726.5137837525584, 182.0663651467551]]	[[600.3450393676758, 50]]
[[726.5137837525584, 182.0663651467551]]	[[600.3450393676758, 50]]
[[726.5137837525584, 182.0663651467551]]	[[600.3450393676758, 50]]
[[726.5137837525584, 182.0663651467551]]	[[600.3450393676758, 50]]
[[726.5137837525584, 182.0663651467551]]	[[600.3450393676758, 50]]
[[726.5137837525584, 182.0663651467551]]	[[600.3450393676758, 50]]
[[726.5137837525584, 182.0663651467551]]	[[600.3450393676758, 50]]
[[726.5137837525584, 182.0663651467551]]	[[600.3450393676758, 50]]
[[726.5137837525584, 182.0663651467551]]	[[600.3450393676758, 50]]
[[726.5137837525584, 182.0663651467551]]	[[600.3450393676758, 50]]
[[726.5137837525584, 182.0663651467551]]	[[600.3450393676758, 50]]
[[726.5137837525584, 182.0663651467551]]	[[600.3450393676758, 50]]
[[726.5137837525584, 182.0663651467551]]	[[600.3450393676758, 50]]
[[726.5137837525584, 182.0663651467551]]	[[600.3450393676758, 50]]
[[726.5137837525584, 182.0663651467551]]	[[600.3450393676758, 50]]
[[726.5137837525584, 182.0663651467551]]	[[600.3450393676758, 50]]
[[726.5137837525584, 182.0663651467551]]	[[600.3450393676758, 50]]
[[726.5137837525584, 182.0663651467551]]	[[600.3450393676758, 50]]
