pixel flash on
1341266874.04798
1341266877.056875
1341266880.067358
1341266883.076406
1341266886.085529
1341266889.094634
1341266892.103633
1341266895.111329
1341266898.121382
1341266901.130758
1341266904.139962
1341266907.149017
1341266910.158082
1341266913.167144
1341266916.176174
1341266919.185287
1341266922.194364
1341266925.203408
1341266928.211295
1341266931.221152
1341266934.230412
1341266937.239618
1341266940.247682
1341266943.257737
1341266946.265417
1341266949.274842
1341266952.283712
1341266955.294188
1341266958.303198
1341266961.311531
1341266964.320952
1341266967.329291
1341266970.337979
1341266973.347017
1341266976.357544
1341266979.366483
1341266982.375985
1341266985.385214
1341266988.394092
1341266991.403208
1341266994.412789
1341266997.421176
1341267000.431654
1341267003.440839
1341267006.448592
1341267009.457317
1341267012.468004
1341267015.475709
1341267018.484961
1341267021.493949
1341267024.504276
1341267027.512543
1341267030.521095
1341267033.531291
1341267036.539014
1341267039.549598
1341267042.557146
1341267045.56776
1341267048.575364
1341267051.585772
1341267054.594919
1341267057.603015
1341267060.611856
1341267063.620697
1341267066.631096
1341267069.64026
1341267072.64929
1341267075.656869
1341267078.667465
1341267081.675686
1341267084.684296
1341267087.694863
1341267090.703879
1341267093.712123
1341267096.720445
1341267099.729771
1341267102.740018
1341267105.749065
1341267108.758218
1341267111.767308
1341267114.775025
1341267117.785373
1341267120.794476
1341267123.802216
1341267126.811897
1341267129.820165
1341267132.830603
1341267135.839818
1341267138.847483
1341267141.856368
1341267144.865182
1341267147.876021
1341267150.885118
1341267153.893036
1341267156.903321
1341267159.91081
1341267162.920943
1341267165.930469
1341267168.939621
1341267171.947021
1341267174.957648
1341267177.965354
1341267180.974392
1341267183.984893
1341267186.993862
1341267190.001979
1341267193.010707
1341267196.02095
1341267199.028511
1341267202.039217
1341267205.046811
1341267208.055824
1341267211.064809
1341267214.074148
1341267217.083256
1341267220.09366
1341267223.101783
1341267226.110307
1341267229.120541
1341267232.128617
1341267235.137449
1341267238.146479
1341267241.157126
1341267244.166209
1341267247.174364
1341267250.18258
1341267253.193289
1341267256.201906
1341267259.210935
1341267262.22038
1341267265.228172
1341267268.238761
1341267271.246187
1341267274.256933
1341267277.264713
1341267280.274584
1341267283.284122
1341267286.293091
1341267289.301367
1341267292.309813
1341267295.319023
1341267298.329318
1341267301.336897
1341267304.3475
1341267307.355124
1341267310.365689
1341267313.374736
1341267316.383891
1341267319.392929
1341267322.401119
1341267325.410327
1341267328.419858
1341267331.427507
1341267334.43656
1341267337.445664
1341267340.453331
1341267343.462566
1341267346.472902
1341267349.482039
1341267352.49108
