1341854119.85728
1341854121.862746
1341854123.868258
1341854125.873682
1341854119.85728
1341854121.862746
1341854123.868258
1341854125.873682
1341854119.85728
1341854121.862746
1341854123.868258
1341854125.873682
1341854119.85728
1341854121.862746
1341854123.868258
1341854125.873682
1341854119.85728
1341854121.862746
1341854123.868258
1341854125.873682
1341854119.85728
1341854121.862746
1341854123.868258
1341854125.873682
1341854119.85728
1341854121.862746
1341854123.868258
1341854125.873682
1341854119.85728
1341854121.862746
1341854123.868258
1341854125.873682
1341854119.85728
1341854121.862746
1341854123.868258
1341854125.873682
1341854119.85728
1341854121.862746
1341854123.868258
1341854125.873682
1341854119.85728
1341854121.862746
1341854123.868258
1341854125.873682
1341854119.85728
1341854121.862746
1341854123.868258
1341854125.873682
1341854119.85728
1341854121.862746
1341854123.868258
1341854125.873682
1341854119.85728
1341854121.862746
1341854123.868258
1341854125.873682
1341854119.85728
1341854121.862746
1341854123.868258
1341854125.873682
1341854119.85728
1341854121.862746
1341854123.868258
1341854125.873682
1341854119.85728
1341854121.862746
1341854123.868258
1341854125.873682
1341854119.85728
1341854121.862746
1341854123.868258
1341854125.873682
1341854119.85728
1341854121.862746
1341854123.868258
1341854125.873682
1341854119.85728
1341854121.862746
1341854123.868258
1341854125.873682
1341854119.85728
1341854121.862746
1341854123.868258
1341854125.873682
1341854119.85728
1341854121.862746
1341854123.868258
1341854125.873682
1341854119.85728
1341854121.862746
1341854123.868258
1341854125.873682
1341854119.85728
1341854121.862746
1341854123.868258
1341854125.873682
1341854119.85728
1341854121.862746
1341854123.868258
1341854125.873682
1341854119.85728
1341854121.862746
1341854123.868258
1341854125.873682
1341854119.85728
1341854121.862746
1341854123.868258
1341854125.873682
1341854119.85728
1341854121.862746
1341854123.868258
1341854125.873682
1341854119.85728
1341854121.862746
1341854123.868258
1341854125.873682
1341854119.85728
1341854121.862746
1341854123.868258
1341854125.873682
1341854119.85728
1341854121.862746
1341854123.868258
1341854125.873682
1341854119.85728
1341854121.862746
1341854123.868258
1341854125.873682
1341854119.85728
1341854121.862746
1341854123.868258
1341854125.873682
1341854119.85728
1341854121.862746
1341854123.868258
1341854125.873682
pixel flash on
