1341854186.889974
1341854188.895458
1341854190.90083
1341854192.906355
1341854194.911707
1341854196.91723
1341854198.922678
1341854200.92814
1341854202.933605
1341854204.939306
1341854206.944509
1341854208.949961
1341854186.889974
1341854188.895458
1341854190.90083
1341854192.906355
1341854194.911707
1341854196.91723
1341854198.922678
1341854200.92814
1341854202.933605
1341854204.939306
1341854206.944509
1341854208.949961
1341854186.889974
1341854188.895458
1341854190.90083
1341854192.906355
1341854194.911707
1341854196.91723
1341854198.922678
1341854200.92814
1341854202.933605
1341854204.939306
1341854206.944509
1341854208.949961
1341854186.889974
1341854188.895458
1341854190.90083
1341854192.906355
1341854194.911707
1341854196.91723
1341854198.922678
1341854200.92814
1341854202.933605
1341854204.939306
1341854206.944509
1341854208.949961
1341854186.889974
1341854188.895458
1341854190.90083
1341854192.906355
1341854194.911707
1341854196.91723
1341854198.922678
1341854200.92814
1341854202.933605
1341854204.939306
1341854206.944509
1341854208.949961
1341854186.889974
1341854188.895458
1341854190.90083
1341854192.906355
1341854194.911707
1341854196.91723
1341854198.922678
1341854200.92814
1341854202.933605
1341854204.939306
1341854206.944509
1341854208.949961
1341854186.889974
1341854188.895458
1341854190.90083
1341854192.906355
1341854194.911707
1341854196.91723
1341854198.922678
1341854200.92814
1341854202.933605
1341854204.939306
1341854206.944509
1341854208.949961
1341854186.889974
1341854188.895458
1341854190.90083
1341854192.906355
1341854194.911707
1341854196.91723
1341854198.922678
1341854200.92814
1341854202.933605
1341854204.939306
1341854206.944509
1341854208.949961
1341854186.889974
1341854188.895458
1341854190.90083
1341854192.906355
1341854194.911707
1341854196.91723
1341854198.922678
1341854200.92814
1341854202.933605
1341854204.939306
1341854206.944509
1341854208.949961
1341854186.889974
1341854188.895458
1341854190.90083
1341854192.906355
1341854194.911707
1341854196.91723
1341854198.922678
1341854200.92814
1341854202.933605
1341854204.939306
1341854206.944509
1341854208.949961
1341854186.889974
1341854188.895458
1341854190.90083
1341854192.906355
1341854194.911707
1341854196.91723
1341854198.922678
1341854200.92814
1341854202.933605
1341854204.939306
1341854206.944509
1341854208.949961
1341854186.889974
1341854188.895458
1341854190.90083
1341854192.906355
1341854194.911707
1341854196.91723
1341854198.922678
1341854200.92814
1341854202.933605
1341854204.939306
1341854206.944509
1341854208.949961
1341854186.889974
1341854188.895458
1341854190.90083
1341854192.906355
1341854194.911707
1341854196.91723
1341854198.922678
1341854200.92814
1341854202.933605
1341854204.939306
1341854206.944509
1341854208.949961
1341854186.889974
1341854188.895458
1341854190.90083
1341854192.906355
1341854194.911707
1341854196.91723
1341854198.922678
1341854200.92814
1341854202.933605
1341854204.939306
1341854206.944509
1341854208.949961
1341854186.889974
1341854188.895458
1341854190.90083
1341854192.906355
1341854194.911707
1341854196.91723
1341854198.922678
1341854200.92814
1341854202.933605
1341854204.939306
1341854206.944509
1341854208.949961
1341854186.889974
1341854188.895458
1341854190.90083
1341854192.906355
1341854194.911707
1341854196.91723
1341854198.922678
1341854200.92814
1341854202.933605
1341854204.939306
1341854206.944509
1341854208.949961
1341854186.889974
1341854188.895458
1341854190.90083
1341854192.906355
1341854194.911707
1341854196.91723
1341854198.922678
1341854200.92814
1341854202.933605
1341854204.939306
1341854206.944509
1341854208.949961
1341854186.889974
1341854188.895458
1341854190.90083
1341854192.906355
1341854194.911707
1341854196.91723
1341854198.922678
1341854200.92814
1341854202.933605
1341854204.939306
1341854206.944509
1341854208.949961
1341854186.889974
1341854188.895458
1341854190.90083
1341854192.906355
1341854194.911707
1341854196.91723
1341854198.922678
1341854200.92814
1341854202.933605
1341854204.939306
1341854206.944509
1341854208.949961
1341854186.889974
1341854188.895458
1341854190.90083
1341854192.906355
1341854194.911707
1341854196.91723
1341854198.922678
1341854200.92814
1341854202.933605
1341854204.939306
1341854206.944509
1341854208.949961
1341854186.889974
1341854188.895458
1341854190.90083
1341854192.906355
1341854194.911707
1341854196.91723
1341854198.922678
1341854200.92814
1341854202.933605
1341854204.939306
1341854206.944509
1341854208.949961
1341854186.889974
1341854188.895458
1341854190.90083
1341854192.906355
1341854194.911707
1341854196.91723
1341854198.922678
1341854200.92814
1341854202.933605
1341854204.939306
1341854206.944509
1341854208.949961
1341854186.889974
1341854188.895458
1341854190.90083
1341854192.906355
1341854194.911707
1341854196.91723
1341854198.922678
1341854200.92814
1341854202.933605
1341854204.939306
1341854206.944509
1341854208.949961
1341854186.889974
1341854188.895458
1341854190.90083
1341854192.906355
1341854194.911707
1341854196.91723
1341854198.922678
1341854200.92814
1341854202.933605
1341854204.939306
1341854206.944509
1341854208.949961
1341854186.889974
1341854188.895458
1341854190.90083
1341854192.906355
1341854194.911707
1341854196.91723
1341854198.922678
1341854200.92814
1341854202.933605
1341854204.939306
1341854206.944509
1341854208.949961
1341854186.889974
1341854188.895458
1341854190.90083
1341854192.906355
1341854194.911707
1341854196.91723
1341854198.922678
1341854200.92814
1341854202.933605
1341854204.939306
1341854206.944509
1341854208.949961
1341854186.889974
1341854188.895458
1341854190.90083
1341854192.906355
1341854194.911707
1341854196.91723
1341854198.922678
1341854200.92814
1341854202.933605
1341854204.939306
1341854206.944509
1341854208.949961
1341854186.889974
1341854188.895458
1341854190.90083
1341854192.906355
1341854194.911707
1341854196.91723
1341854198.922678
1341854200.92814
1341854202.933605
1341854204.939306
1341854206.944509
1341854208.949961
1341854186.889974
1341854188.895458
1341854190.90083
1341854192.906355
1341854194.911707
1341854196.91723
1341854198.922678
1341854200.92814
1341854202.933605
1341854204.939306
1341854206.944509
1341854208.949961
1341854186.889974
1341854188.895458
1341854190.90083
1341854192.906355
1341854194.911707
1341854196.91723
1341854198.922678
1341854200.92814
1341854202.933605
1341854204.939306
1341854206.944509
1341854208.949961
1341854186.889974
1341854188.895458
1341854190.90083
1341854192.906355
1341854194.911707
1341854196.91723
1341854198.922678
1341854200.92814
1341854202.933605
1341854204.939306
1341854206.944509
1341854208.949961
pixel flash on
