1342036604.781
1342036606.796
1342036608.796
1342036610.812
1342036612.828
1342036614.843
1342036616.859
1342036618.859
1342036620.875
1342036622.89
1342036624.921
1342036626.921
1342036628.937
1342036630.953
1342036633.0
pixel flash on
1342037314.125
1342037316.14
1342037318.156
1342037320.171
1342037322.187
1342037324.187
1342037326.203
1342037328.218
1342037330.234
1342037332.25
1342037334.265
1342037336.281
1342037338.281
1342037340.296
1342037342.312
1342037344.328
1342037346.343
1342037348.359
1342037350.359
1342037352.375
1342037354.39
1342037356.406
1342037358.421
1342037360.437
1342037362.453
1342037364.453
1342037366.468
1342037368.484
1342037370.5
1342037372.515
1342037374.531
1342037376.531
1342037378.546
1342037380.562
1342037382.578
1342037384.593
1342037386.609
1342037388.625
1342037390.625
1342037392.64
1342037394.656
1342037396.671
1342037398.687
1342037400.703
1342037402.703
1342037404.718
1342037406.734
1342037408.75
1342037410.765
1342037412.765
1342037414.781
1342037416.796
1342037418.796
1342037420.812
1342037422.828
1342037424.843
1342037426.859
1342037428.875
1342037430.875
1342037432.89
1342037434.906
1342037436.921
1342037438.937
1342037440.953
1342037442.968
1342037444.968
1342037446.984
1342037449.0
1342037451.015
1342037453.031
1342037459.89
1342037461.89
1342037463.89
1342037465.89
1342037467.906
1342037469.921
1342037471.937
1342037473.968
1342037475.984
1342037478.046
1342037480.093
1342037482.125
1342037484.171
1342037486.218
1342037488.281
1342037490.328
1342037492.39
1342037494.39
1342037496.406
1342037498.406
1342037500.421
1342037502.437
1342037504.453
1342037506.484
1342037508.515
1342037510.562
1342037512.609
1342037514.64
1342037516.687
1342037518.734
1342037520.781
1342037522.843
1342037524.89
1342037526.906
1342037528.906
1342037530.984
1342037532.984
1342037535.0
1342037537.015
1342037539.031
1342037541.062
1342037543.093
1342037545.109
1342037547.14
1342037549.171
1342037551.218
1342037553.25
1342037555.296
1342037557.343
1342037559.406
1342037561.468
1342037563.531
1342037565.593
1342037567.593
1342037569.593
1342037571.609
1342037573.609
1342037575.609
1342037577.625
1342037579.64
1342037581.656
1342037583.687
1342037585.718
1342037587.734
1342037589.765
1342037591.812
1342037593.843
