[[400, 300]]
[[400, 300]]
[[400, 300]]
[[400, 300]]
[[400, 300]]
[[400, 300]]
[[400, 300]]
[[400, 300]]
[[400, 300]]
[[400, 300]]
[[400, 300]]
[[400, 300]]
[[400, 300]]
[[400, 300]]
[[400, 300]]
[[400, 300]]
[[400, 300]]
[[400, 300]]
[[400, 300]]
[[400, 300]]
[[400, 300]]
[[400, 300]]
[[400, 300]]
[[400, 300]]
[[400, 300]]
[[400, 300]]
[[400, 300]]
[[400, 300]]
[[400, 300]]
[[400, 300]]
[[400, 300]]
[[400, 300]]
[[400, 300]]
[[400, 300]]
[[400, 300]]
[[400, 300]]
[[400, 300]]
[[400, 300]]
[[400, 300]]
[[400, 300]]
[[400, 300]]
[[400, 300]]
[[400, 300]]
[[400, 300]]
[[400, 300]]
[[400, 300]]
[[400, 300]]
[[400, 300]]
[[400, 300]]
[[400, 300]]
[[400, 300]]
[[400, 300]]
[[400, 300]]
[[400, 300]]
[[400, 300]]
[[400, 300]]
[[400, 300]]
[[400, 300]]
[[400, 300]]
[[400, 300]]
[[400, 300]]
[[400, 300]]
[[400, 300]]
[[400, 300]]
[[400, 300]]
[[400, 300]]
[[400, 300]]
[[400, 300]]
[[400, 300]]
[[400, 300]]
[[400, 300]]
[[400, 300]]
[[400, 300]]
[[400, 300]]
[[400, 300]]
[[400, 300]]
[[400, 300]]
[[400, 300]]
[[400, 300]]
[[400, 300]]
[[400, 300]]
[[409.24110359145004, 289.7360339950848]]
[[413.1020376177467, 285.4477479477567]]
[[417.4860177588709, 280.57852181156727]]
[[421.9136161877056, 275.6608494462211]]
[[426.1929373275046, 270.90786661593995]]
[[430.6301180905866, 265.9795512844167]]
[[434.95591977378035, 261.17494315715965]]
[[439.311961810508, 256.33674748729175]]
[[443.6703683193227, 251.4959256309646]]
[[448.06268633570113, 246.61743873199774]]
[[452.42656846408573, 241.77053518071224]]
[[456.9219899080479, 236.77753273008668]]
[[461.2441204372118, 231.9770021028585]]
[[465.57402883508297, 227.1678327043827]]
[[469.9280175144719, 222.3319176701242]]
[[474.3046553475364, 217.47084653399259]]
[[478.651052827067, 212.64336294047177]]
[[483.02146836516573, 207.78920282133825]]
[[487.40961744391706, 202.91534630376012]]
[[491.7627972249604, 198.08032970171138]]
[[496.1634531165931, 193.19258203996705]]
[[500.54718436591867, 188.3236323444576]]
[[504.87111936062263, 183.52109752229998]]
[[509.2454549445498, 178.66258346245766]]
[[513.6617910194964, 173.7574200378781]]
[[517.9766414635502, 168.9649753005377]]
[[522.3814662928099, 164.07259725740462]]
[[526.7918289645893, 159.17406840914325]]
[[531.1042527136065, 154.38431896843213]]
[[535.4449256817685, 149.56319351054958]]
[[539.8234302033228, 144.70004906931854]]
[[544.1995702527901, 139.83953081454678]]
[[548.6574090351587, 134.8882709065898]]
[[552.9925441608011, 130.0732962538356]]
[[557.3078923884523, 125.28029863513537]]
[[561.6503698221544, 120.45716898232338]]
[[566.0319854911916, 115.59056903259327]]
[[570.4003476719515, 110.73868954906914]]
[[574.7271449223398, 105.93297565909239]]
[[579.1588500658519, 101.01074202252748]]
[[583.5266522400649, 96.15948453053318]]
[[587.9461616854439, 91.25079648728456]]
[[592.3243550922499, 86.3879975969034]]
[[596.630058762704, 81.60571205455025]]
[[601.0369991722522, 76.71098426563783]]
[[605.372445412643, 71.8956640620337]]
[[609.7994838349307, 66.97861368821738]]
[[614.0970362989796, 62.20538157813175]]
[[618.4721807812523, 57.34596908607968]]
[[622.8524897683467, 67.07053021429226]]
[[627.2092784804703, 71.90955520619991]]
[[631.604272083684, 76.79101384247596]]
[[635.9629274842973, 81.63211213948304]]
[[640.3314763339063, 86.48419895351712]]
[[644.674202659407, 91.30760504700903]]
[[649.0467337777941, 96.1641149119219]]
[[653.4126692635174, 101.01329909881677]]
[[657.833174276091, 105.92309290478508]]
[[662.1644515788546, 110.73378272700047]]
[[666.5382271562348, 115.59167479531297]]
[[670.9556210213256, 120.49801309278222]]
[[675.404561921893, 125.4393902464319]]
[[679.6322380134756, 130.13501163562873]]
[[684.0055158072586, 134.99235082258136]]
[[688.434607586885, 139.91168183200705]]
[[692.8220099902404, 144.7847090275454]]
[[697.1127801527765, 149.5504081291031]]
[[701.4792756450468, 154.4002143075278]]
[[705.8739581335122, 159.28132739295393]]
[[710.2373424782995, 164.12767806287957]]
[[714.577206548116, 168.94790508855235]]
[[718.9700223480917, 173.82694486887905]]
[[723.35506027936, 178.69734587795813]]
[[727.706684486662, 183.53063472575735]]
[[732.20832822559, 188.53054819338104]]
[[736.4941827751031, 193.29078759151022]]
[[740.8202333500955, 198.0956721594472]]
[[745.1820621211414, 202.94029507512332]]
[[749.5565843739175, 207.79901646547557]]
[[753.9450445674172, 212.67321853390362]]
[[758.2932465124879, 217.50270632235387]]
[[762.7563120226279, 222.45977148458925]]
[[767.0356331624268, 227.2127543148704]]
[[771.4089109562099, 232.07009350182304]]
[[775.7879132613614, 236.93379082441393]]
[[775.7879132613614, 241.78242212994894]]
[[771.4608048962249, 246.5884815707756]]
[[766.8466620643146, 251.71334622572513]]
[[762.7140004168602, 256.3034363853608]]
[[758.3256024463103, 261.1775693436188]]
[[753.9382622659045, 266.0505274289872]]
[[749.5787979669457, 270.892524158204]]
[[745.1924533537344, 275.7643764808527]]
[[740.8048642815301, 280.637611006901]]
[[736.4845382179062, 285.43613743919974]]
[[732.1034203324663, 290.30218450757]]
[[727.7330670173172, 295.1562755165335]]
[[723.2686948252345, 300.1147919923385]]
[[718.9771157643529, 304.8813895261059]]
[[714.6226293013667, 309.7178574417243]]
[[710.2504092977279, 314.5740217557872]]
[[705.8929983561077, 319.4137378493947]]
[[701.5260050802402, 324.2640969091792]]
[[697.1503628143702, 329.1240622825911]]
[[692.7411201556847, 334.0213471477929]]
[[688.4192385183195, 338.8216013343411]]
[[684.0365650591381, 343.68937615696086]]
[[679.7042921891799, 348.501171741896]]
[[675.3155831038816, 353.37565025100395]]
[[670.9357719003846, 358.2402460058046]]
[[666.5463161396904, 363.1155538369523]]
[[662.2205766794463, 367.92009285403935]]
[[657.8313698105508, 372.7951242445072]]
[[653.460954272452, 377.6492843636407]]
[[649.0999343997516, 382.49300884710703]]
[[644.7227365601402, 387.3547019747685]]
[[640.2881691609438, 392.2801146791525]]
[[635.9947234115724, 397.0487855180194]]
[[631.5862274282828, 401.9452410611813]]
[[627.2787192922885, 406.72953079846394]]
[[622.8778145088572, 411.6175549008882]]
[[618.4332914377155, 416.5540252324692]]
[[614.1424590522298, 421.3197934441969]]
[[609.765510104417, 426.18121013117843]]
[[605.4050502382636, 431.02431262311495]]
[[601.0367502804532, 435.8761229964691]]
[[596.5825826521145, 440.8233054043972]]
[[592.2666744179164, 445.61692501462727]]
[[587.9549973442952, 450.4058451332986]]
[[583.5389101611473, 455.31073211719826]]
[[578.9920925607673, 460.36081956822824]]
[[574.8010035635838, 465.0158041774762]]
[[570.4323924910251, 469.86796010168024]]
[[566.0061629670829, 474.7841120432868]]
[[561.706246030947, 479.55997033983175]]
[[557.3209592078799, 484.43064778959075]]
[[552.971699472665, 489.2613104509307]]
[[548.5801281316825, 494.1389680278578]]
[[544.2214727310692, 498.9800663248649]]
[[538.6617899561517, 505.1551291228474]]
[[535.5428023815804, 508.61934550332074]]
[[531.1491776832592, 513.4992837158572]]
[[526.8189581706397, 518.308798665183]]
[[522.4177422724601, 523.1971683184571]]
[[518.0233086757934, 528.0780049632033]]
[[513.6411952231589, 532.9451577942932]]
[[509.2947977436283, 537.772641387814]]
[[504.90639977307836, 542.6467743460721]]
[[500.51482843209584, 547.5244319229992]]
[[496.20968476818865, 552.3060954738224]]
[[491.8230912631788, 557.1782242371511]]
[[487.46051581673703, 562.023676474867]]
[[482.9922235788258, 566.9865468913808]]
[[478.620003575187, 571.8427112054438]]
[[474.3187799571083, 576.6200208155583]]
[[469.9003283018734, 576.6200208155583]]
[[465.55890865831543, 571.798066035636]]
[[461.18955091036094, 566.9450807893921]]
[[456.85958028954013, 562.1358422807464]]
[[452.4127549692611, 557.1968148728761]]
[[448.1153891740612, 552.4237900933003]]
[[443.751258153878, 547.576610101335]]
[[439.34251327878974, 542.6798781174931]]
[[434.9822400814853, 537.8369829560665]]
[[430.6019310943909, 532.9718343199061]]
[[426.25372914932024, 528.1423465314558]]
[[421.74368531218835, 523.1331031908846]]
[[417.52360042046405, 518.4459132424255]]
[[413.14957595128516, 513.587744733433]]
[[408.7543334562728, 508.7060096564771]]
[[404.41030044882916, 503.88115224941555]]
[[400.01748464885344, 499.00211246908884]]
[[395.6559047696062, 494.15776599409264]]
[[391.27951582834027, 489.2969712986409]]
[[386.9005135231887, 484.43327397605003]]
[[382.45704824219115, 479.4979785173587]]
[[378.19620731844066, 474.76552140756195]]
[[373.82684957048616, 469.91253616131814]]
[[369.4690030682184, 465.0723362965208]]
[[365.0832184615541, 460.20110596540195]]
[[360.72792310022237, 455.36373961757386]]
[[356.33454729369976, 450.4840778457173]]
[[351.8436059021129, 445.4960513273304]]
[[347.59247175850913, 440.7743754040507]]
[[343.21888284997783, 435.91669066624814]]
[[338.8946989634752, 431.1138794034106]]
[[334.4801673540688, 426.2107201737605]]
[[330.1340809892865, 421.3835821310896]]
[[325.78662571961166, 416.5549236646791]]
[[321.32356020947174, 411.5978585024437]]
[[317.0204699029033, 406.8184755872298]]
[[312.65503220077727, 401.96984428169475]]
[[308.2801988332528, 397.1107773404926]]
[[303.952592684519, 392.3041650183061]]
[[299.5365055013711, 387.39927803440645]]
[[295.1867479825589, 382.56806249170666]]
[[290.75734508818414, 377.64838593143105]]
[[286.4312945131918, 372.84350136349406]]
[[282.06927907329697, 367.998671117308]]
[[277.7004191089397, 363.146238752424]]
[[273.34363039681614, 358.30721376051633]]
[[268.9147252860386, 353.3880900816006]]
[[264.52844289577706, 348.5163068691219]]
[[260.2277170612956, 343.7395501403672]]
[[255.8340301400247, 338.8595428176608]]
[[251.4618101363859, 334.00337850359784]]
[[247.10079026368558, 329.1596540201315]]
[[242.74113929587776, 324.3174499604047]]
[[238.34017228949682, 319.42935674781046]]
[[233.9256406800904, 314.52619751816036]]
[[229.59803453135657, 309.7195851959739]]
[[225.2751573267968, 304.91822524670596]]
[[220.8977105953867, 300.0562556783646]]
[[216.51634381814813, 295.18993216931443]]
[[212.10050552679886, 290.2853216260947]]
[[207.783103941809, 285.4900433717851]]
[[203.4213373937128, 280.64548956627897]]
[[199.0644864586396, 275.80639546420133]]
[[194.56825611633184, 270.812494581366]]
[[190.3072285237324, 266.0798301410593]]
[[185.93550630369086, 261.22421870835615]]
[[181.58518877833177, 256.3923811741265]]
[[177.197848597926, 251.51942308875815]]
[[172.81567292234186, 246.6522011474982]]
[[168.36698091357303, 241.71110043452845]]
[[164.0255612700151, 236.88914565460612]]
[[159.7180531340209, 232.10485591732353]]
[[155.3478864877208, 227.25097223886993]]
[[151.00883131624988, 222.4316436454069]]
[[146.6462558698081, 217.586191407691]]
[[142.24871112565836, 212.70189925444572]]
[[137.8749355482781, 207.84400718613324]]
[[133.44136371627621, 202.91970024446888]]
[[129.1406378817948, 198.14294351571422]]
[[124.76810676340769, 193.28643365080134]]
[[120.34735285903542, 188.3763634041531]]
[[116.04401366066834, 183.59670404825923]]
[[111.67726927659946, 178.7466214291546]]
[[107.3146938301577, 173.9011691914387]]
[[102.93388705946604, 169.03546767391833]]
[[98.44443901867103, 164.04909979961096]]
[[94.18888704564152, 159.3225170542626]]
[[89.8124981043756, 154.4617223588109]]
[[85.45434048735957, 149.62117694316368]]
[[81.05156901543855, 144.73107953564]]
[[76.71276273576625, 139.91202738285688]]
[[72.34390277140899, 135.0595950179729]]
[[67.96931829568317, 130.20080451745065]]
[[63.60257391161429, 125.35072189834602]]
[[59.246780766685276, 120.51280266915808]]
[[54.86622288779226, 115.64737759231764]]
[[50.39065056477104, 110.67642128591605]]
[[46.12489402799757, 105.93850447269077]]
[[41.757838529180404, 101.08807630273624]]
[[37.3574315293464, 96.20060508167184]]
[[33.042892200040825, 91.40850589518136]]
[[28.621578289121633, 86.4978136570033]]
[[24.257198377139773, 81.65035722435796]]
[[24.257198377139773, 76.81188511381016]]
[[28.628422813584045, 71.9568265624669]]
[[33.00170060736704, 67.09948737551426]]
[[37.336089057613606, 62.28534204479981]]
[[41.73232711982051, 57.40250120512414]]
[[46.10373822511376, 67.14060792665302]]
[[50.5310877621498, 72.05800385131926]]
[[54.83150248188294, 76.83441502922402]]
[[59.22176714092265, 81.71062129258151]]
[[63.52641302123256, 86.49173196204498]]
[[67.94847360754765, 91.40325352226282]]
[[72.30426675247668, 96.24117275145076]]
[[76.7036159621665, 101.12746909962549]]
[[81.043480031983, 105.94769612529826]]
[[85.39354866554345, 110.77925721884795]]
[[89.81013363228861, 115.68469708410744]]
[[94.13120637130831, 120.48405283844593]]
[[98.4961462898371, 125.3321312626211]]
[[102.86369957225153, 130.18311231393548]]
[[107.2784800734566, 135.08654798426554]]
[[111.59613055024509, 139.88210267925507]]
[[115.97046613417228, 144.7406167390974]]
[[120.35002844587076, 149.60493605321813]]
[[124.73425747879361, 154.47443863008743]]
[[129.1210998756021, 159.34684383409595]]
[[133.4867864695268, 164.19575158031088]]
[[137.93890074052686, 169.14065335262958]]
[[142.345841150075, 174.03538114154202]]
[[146.60220202145007, 178.76286231910015]]
[[150.97442202508887, 183.61902663316312]]
[[155.35448212038463, 188.4838988286437]]
[[159.70741300962936, 193.31863899001252]]
[[164.06501062009846, 198.1585624141299]]
[[168.42571937805047, 203.00194134674635]]
[[172.80609058809452, 207.86715909307685]]
[[177.1892618308732, 212.7354867970565]]
[[181.53901934968536, 217.5667023397563]]
[[185.91155046807245, 222.42321220466917]]
[[190.28980609782812, 227.2860802052203]]
[[194.70869331371063, 232.19407714676908]]
[[199.00736579085333, 236.96855323991437]]
[[203.46203120278935, 241.91628852920232]]
[[207.7891395679259, 246.72234797002898]]
[[212.13684372939935, 251.55128287711938]]
[[216.52418390980512, 256.4242409624878]]
[[220.86305241242707, 261.2433622254409]]
[[225.22923678994903, 266.09282285301566]]
[[229.6092968852448, 270.95769504849625]]
[[234.0019260163715, 275.836527498313]]
[[238.33681225021533, 280.6512257103873]]
[[242.7265169027081, 285.52680998221496]]
[[247.08287005418404, 290.36535120293274]]
[[251.47805032624674, 295.24701716971873]]
[[255.85786152974387, 300.11161292451936]]
[[260.2791132177134, 305.02223605252743]]
[[264.56030104600217, 309.777292187908]]
[[268.9205120203569, 314.62011823916464]]
[[273.28775418802303, 319.4707537396291]]
[[277.6587297326687, 324.32553585029245]]
[[282.02858526422045, 329.1790739778961]]
[[286.4295522706014, 334.06716719049035]]
[[290.75815398652975, 338.87488527539654]]
[[295.144498599741, 343.74673759804523]]
[[299.5459633897192, 348.6353836919993]]
[[303.93647694055755, 353.51186639603674]]
[[310.16194527681876, 360.4264080128172]]
[[312.6529788434386, 363.19316455784116]]
[[317.02078101765164, 368.0444220498355]]
[[321.3510005302711, 372.8539369991612]]
[[325.7336739894525, 377.72171182178096]]
[[330.1463389103692, 382.6227977463316]]
[[334.49771422587247, 387.4558101534509]]
[[338.8594807739687, 392.300363958957]]
[[343.22597626623894, 397.15017013738174]]
[[347.613627561393, 402.0234737736]]
[[351.95741167703795, 406.8480547399816]]
[[356.38706346321135, 411.76800774093715]]
[[360.6994872122285, 416.55775718164824]]
[[365.0714583240687, 421.4136450550313]]
[[369.44604279979455, 426.2724355555535]]
[[369.44604279979455, 426.2724355555535]]
[[369.44604279979455, 426.2724355555535]]
[[369.44604279979455, 426.2724355555535]]
[[369.44604279979455, 426.2724355555535]]
[[369.44604279979455, 426.2724355555535]]
[[369.44604279979455, 426.2724355555535]]
[[369.44604279979455, 426.2724355555535]]
[[369.44604279979455, 426.2724355555535]]
[[369.44604279979455, 426.2724355555535]]
[[369.44604279979455, 426.2724355555535]]
[[369.44604279979455, 426.2724355555535]]
[[369.44604279979455, 426.2724355555535]]
[[369.44604279979455, 426.2724355555535]]
[[369.44604279979455, 426.2724355555535]]
[[369.44604279979455, 426.2724355555535]]
[[369.44604279979455, 426.2724355555535]]
[[369.44604279979455, 426.2724355555535]]
[[369.44604279979455, 426.2724355555535]]
[[369.44604279979455, 426.2724355555535]]
[[369.44604279979455, 426.2724355555535]]
[[369.44604279979455, 426.2724355555535]]
[[369.44604279979455, 426.2724355555535]]
[[369.44604279979455, 426.2724355555535]]
[[369.44604279979455, 426.2724355555535]]
[[369.44604279979455, 426.2724355555535]]
[[369.44604279979455, 426.2724355555535]]
[[369.44604279979455, 426.2724355555535]]
[[369.44604279979455, 426.2724355555535]]
[[369.44604279979455, 426.2724355555535]]
[[369.44604279979455, 426.2724355555535]]
[[369.44604279979455, 426.2724355555535]]
[[369.44604279979455, 426.2724355555535]]
[[369.44604279979455, 426.2724355555535]]
[[369.44604279979455, 426.2724355555535]]
[[369.44604279979455, 426.2724355555535]]
[[369.44604279979455, 426.2724355555535]]
[[369.44604279979455, 426.2724355555535]]
[[369.44604279979455, 426.2724355555535]]
[[369.44604279979455, 426.2724355555535]]
[[369.44604279979455, 426.2724355555535]]
[[369.44604279979455, 426.2724355555535]]
[[369.44604279979455, 426.2724355555535]]
[[369.44604279979455, 426.2724355555535]]
[[369.44604279979455, 426.2724355555535]]
[[369.44604279979455, 426.2724355555535]]
[[369.44604279979455, 426.2724355555535]]
[[369.44604279979455, 426.2724355555535]]
[[369.44604279979455, 426.2724355555535]]
[[369.44604279979455, 426.2724355555535]]
[[369.44604279979455, 426.2724355555535]]
[[369.44604279979455, 426.2724355555535]]
[[369.44604279979455, 426.2724355555535]]
[[369.44604279979455, 426.2724355555535]]
[[369.44604279979455, 426.2724355555535]]
[[369.44604279979455, 426.2724355555535]]
[[369.44604279979455, 426.2724355555535]]
[[369.44604279979455, 426.2724355555535]]
[[369.44604279979455, 426.2724355555535]]
[[369.44604279979455, 426.2724355555535]]
[[369.44604279979455, 426.2724355555535]]
[[369.44604279979455, 426.2724355555535]]
[[369.44604279979455, 426.2724355555535]]
[[369.44604279979455, 426.2724355555535]]
[[369.44604279979455, 426.2724355555535]]
[[369.44604279979455, 426.2724355555535]]
[[369.44604279979455, 426.2724355555535]]
[[369.44604279979455, 426.2724355555535]]
[[369.44604279979455, 426.2724355555535]]
[[369.44604279979455, 426.2724355555535]][[400, 50]]
[[400, 50]]
[[400, 50]]
[[400, 50]]
[[400, 50]]
[[400, 50]]
[[400, 50]]
[[400, 50]]
[[400, 50]]
[[400, 50]]
[[400, 50]]
[[400, 50]]
[[400, 50]]
[[400, 50]]
[[400, 50]]
[[400, 50]]
[[400, 50]]
[[400, 50]]
[[400, 50]]
[[400, 50]]
[[400, 50]]
[[400, 50]]
[[400, 50]]
[[400, 50]]
[[400, 50]]
[[400, 50]]
[[400, 50]]
[[400, 50]]
[[400, 50]]
[[400, 50]]
[[400, 50]]
[[400, 50]]
[[400, 50]]
[[400, 50]]
[[400, 50]]
[[400, 50]]
[[400, 50]]
[[400, 50]]
[[400, 50]]
[[400, 50]]
[[400, 50]]
[[400, 50]]
[[400, 50]]
[[400, 50]]
[[400, 50]]
[[400, 50]]
[[400, 50]]
[[400, 50]]
[[400, 50]]
[[400, 50]]
[[400, 50]]
[[400, 50]]
[[400, 50]]
[[400, 50]]
[[400, 50]]
[[400, 50]]
[[400, 50]]
[[400, 50]]
[[400, 50]]
[[400, 50]]
[[400, 50]]
[[400, 50]]
[[400, 50]]
[[400, 50]]
[[400, 50]]
[[400, 50]]
[[400, 50]]
[[400, 50]]
[[400, 50]]
[[400, 50]]
[[400, 50]]
[[400, 50]]
[[400, 50]]
[[400, 50]]
[[400, 50]]
[[400, 50]]
[[400, 50]]
[[400, 50]]
[[400, 50]]
[[400, 50]]
[[400, 50]]
[[400, 50]]
[[400, 50]]
[[400, 50]]
[[400, 50]]
[[400, 50]]
[[400, 50]]
[[400, 50]]
[[400, 50]]
[[400, 50]]
[[400, 50]]
[[400, 50]]
[[408.6125135421753, 50]]
[[416.89302921295166, 50]]
[[425.1884460449219, 50]]
[[433.52999687194824, 50]]
[[441.9149398803711, 50]]
[[450.24194717407227, 50]]
[[458.61496925354004, 50]]
[[467.0219659805298, 50]]
[[475.361967086792, 50]]
[[483.79292488098145, 50]]
[[492.1914577484131, 50]]
[[500.4754304885864, 50]]
[[508.8559627532959, 50]]
[[517.3169612884521, 50]]
[[525.5835294723511, 50]]
[[534.0224742889404, 50]]
[[542.4720287322998, 50]]
[[550.7339477539062, 50]]
[[559.0499877929688, 50]]
[[567.4385070800781, 50]]
[[575.8224964141846, 50]]
[[575.8224964141846, 50]]
[[575.8224964141846, 50]]
[[575.8224964141846, 50]]
[[575.8224964141846, 50]]
[[575.8224964141846, 50]]
[[575.8224964141846, 50]]
[[575.8224964141846, 50]]
[[575.8224964141846, 50]]
[[575.8224964141846, 50]]
[[575.8224964141846, 50]]
[[584.2104196548462, 50]]
[[592.4594640731812, 50]]
[[600.9024620056152, 50]]
[[609.2084884643555, 50]]
[[609.2084884643555, 50]]
[[609.2084884643555, 50]]
[[609.2084884643555, 50]]
[[609.2084884643555, 50]]
[[609.2084884643555, 50]]
[[609.2084884643555, 50]]
[[609.2084884643555, 50]]
[[609.2084884643555, 50]]
[[609.2084884643555, 50]]
[[609.2084884643555, 50]]
[[609.2084884643555, 50]]
[[609.2084884643555, 50]]
[[609.2084884643555, 50]]
[[609.2084884643555, 50]]
[[609.2084884643555, 50]]
[[617.7319526672363, 50]]
[[625.8315086364746, 50]]
[[634.2100143432617, 50]]
[[642.6954507827759, 50]]
[[642.6954507827759, 50]]
[[642.6954507827759, 50]]
[[642.6954507827759, 50]]
[[642.6954507827759, 50]]
[[642.6954507827759, 50]]
[[642.6954507827759, 50]]
[[642.6954507827759, 50]]
[[642.6954507827759, 50]]
[[642.6954507827759, 50]]
[[651.3198852539062, 50]]
[[659.5309019088745, 50]]
[[667.8189277648926, 50]]
[[676.1754989624023, 50]]
[[684.5563888549805, 50]]
[[692.963981628418, 50]]
[[701.2944459915161, 50]]
[[701.2944459915161, 50]]
[[701.2944459915161, 50]]
[[701.2944459915161, 50]]
[[701.2944459915161, 50]]
[[701.2944459915161, 50]]
[[701.2944459915161, 50]]
[[692.4544811248779, 50]]
[[684.5369577407837, 50]]
[[676.1294841766357, 50]]
[[667.7240371704102, 50]]
[[659.3719959259033, 50]]
[[650.9684562683105, 50]]
[[642.5625324249268, 50]]
[[634.2854738235474, 50]]
[[625.8919477462769, 50]]
[[617.5190448760986, 50]]
[[608.9660167694092, 50]]
[[600.7440328598022, 50]]
[[592.4015283584595, 50]]
[[584.0250492095947, 50]]
[[575.6769418716431, 50]]
[[567.3104763031006, 50]]
[[558.9274406433105, 50]]
[[550.4800319671631, 50]]
[[542.1999931335449, 50]]
[[533.8034868240356, 50]]
[[525.5035400390625, 50]]
[[517.0954704284668, 50]]
[[508.70444774627686, 50]]
[[500.29494762420654, 50]]
[[492.00751781463623, 50]]
[[483.5984945297241, 50]]
[[475.22547245025635, 50]]
[[466.87045097351074, 50]]
[[458.48443508148193, 50]]
[[449.9885082244873, 50]]
[[441.76294803619385, 50]]
[[433.316969871521, 50]]
[[425.06446838378906, 50]]
[[416.6330337524414, 50]]
[[408.11803340911865, 50]]
[[399.8974800109863, 50]]
[[391.5119409561157, 50]]
[[383.1579923629761, 50]]
[[374.789023399353, 50]]
[[366.2555456161499, 50]]
[[357.9869508743286, 50]]
[[349.7264623641968, 50]]
[[341.26594066619873, 50]]
[[341.26594066619873, 50]]
[[341.26594066619873, 50]]
[[341.26594066619873, 50]]
[[341.26594066619873, 50]]
[[341.26594066619873, 50]]
[[341.26594066619873, 50]]
[[341.26594066619873, 50]]
[[341.26594066619873, 50]]
[[341.26594066619873, 50]]
[[341.26594066619873, 50]]
[[341.26594066619873, 50]]
[[341.26594066619873, 50]]
[[341.26594066619873, 50]]
[[341.26594066619873, 50]]
[[341.26594066619873, 50]]
[[341.26594066619873, 50]]
[[341.26594066619873, 50]]
[[341.26594066619873, 50]]
[[341.26594066619873, 50]]
[[341.26594066619873, 50]]
[[341.26594066619873, 50]]
[[341.26594066619873, 50]]
[[332.7054023742676, 50]]
[[324.32892322540283, 50]]
[[316.0884618759155, 50]]
[[307.62341022491455, 50]]
[[299.30593967437744, 50]]
[[290.93494415283203, 50]]
[[282.63940811157227, 50]]
[[282.63940811157227, 50]]
[[282.63940811157227, 50]]
[[282.63940811157227, 50]]
[[282.63940811157227, 50]]
[[282.63940811157227, 50]]
[[282.63940811157227, 50]]
[[282.63940811157227, 50]]
[[273.99888038635254, 50]]
[[265.91386795043945, 50]]
[[257.53393173217773, 50]]
[[249.1133451461792, 50]]
[[240.79086780548096, 50]]
[[232.3749303817749, 50]]
[[224.01883602142334, 50]]
[[215.6343698501587, 50]]
[[207.2448968887329, 50]]
[[207.2448968887329, 50]]
[[207.2448968887329, 50]]
[[207.2448968887329, 50]]
[[207.2448968887329, 50]]
[[207.2448968887329, 50]]
[[207.2448968887329, 50]]
[[207.2448968887329, 50]]
[[198.64096641540527, 50]]
[[190.49646854400635, 50]]
[[182.11736679077148, 50]]
[[173.83291721343994, 50]]
[[165.37537574768066, 50]]
[[157.04896450042725, 50]]
[[148.7199306488037, 50]]
[[140.16940593719482, 50]]
[[131.925368309021, 50]]
[[123.56188297271729, 50]]
[[115.1803970336914, 50]]
[[106.88939094543457, 50]]
[[98.42886924743652, 50]]
[[90.09542465209961, 50]]
[[81.6093921661377, 50]]
[[73.32136631011963, 50]]
[[64.96443748474121, 50]]
[[56.59439563751221, 50]]
[[48.247480392456055, 50]]
[[39.76240158081055, 50]]
[[39.76240158081055, 50]]
[[39.76240158081055, 50]]
[[39.76240158081055, 50]]
[[39.76240158081055, 50]]
[[39.76240158081055, 50]]
[[39.76240158081055, 50]]
[[39.76240158081055, 50]]
[[39.76240158081055, 50]]
[[39.76240158081055, 50]]
[[39.76240158081055, 50]]
[[39.76240158081055, 50]]
[[39.76240158081055, 50]]
[[39.76240158081055, 50]]
[[39.76240158081055, 50]]
[[39.76240158081055, 50]]
[[39.76240158081055, 50]]
[[48.37646484375, 50]]
[[56.5399169921875, 50]]
[[64.91544246673584, 50]]
[[73.24995994567871, 50]]
[[81.6554069519043, 50]]
[[90.05095958709717, 50]]
[[90.05095958709717, 50]]
[[90.05095958709717, 50]]
[[90.05095958709717, 50]]
[[90.05095958709717, 50]]
[[90.05095958709717, 50]]
[[90.05095958709717, 50]]
[[90.05095958709717, 50]]
[[90.05095958709717, 50]]
[[90.05095958709717, 50]]
[[90.05095958709717, 50]]
[[90.05095958709717, 50]]
[[90.05095958709717, 50]]
[[90.05095958709717, 50]]
[[90.05095958709717, 50]]
[[90.05095958709717, 50]]
[[90.05095958709717, 50]]
[[90.05095958709717, 50]]
[[90.05095958709717, 50]]
[[90.05095958709717, 50]]
[[90.05095958709717, 50]]
[[90.05095958709717, 50]]
[[90.05095958709717, 50]]
[[90.05095958709717, 50]]
[[90.05095958709717, 50]]
[[90.05095958709717, 50]]
[[90.05095958709717, 50]]
[[90.05095958709717, 50]]
[[81.47647380828857, 50]]
[[73.30396175384521, 50]]
[[64.93737697601318, 50]]
[[56.506896018981934, 50]]
[[48.24092388153076, 50]]
[[39.77038860321045, 50]]
[[39.77038860321045, 50]]
[[39.77038860321045, 50]]
[[39.77038860321045, 50]]
[[39.77038860321045, 50]]
[[39.77038860321045, 50]]
[[39.77038860321045, 50]]
[[39.77038860321045, 50]]
[[39.77038860321045, 50]]
[[39.77038860321045, 50]]
[[39.77038860321045, 50]]
[[39.77038860321045, 50]]
[[39.77038860321045, 50]]
[[39.77038860321045, 50]]
[[39.77038860321045, 50]]
[[39.77038860321045, 50]]
[[39.77038860321045, 50]]
[[39.77038860321045, 50]]
[[39.77038860321045, 50]]
[[39.77038860321045, 50]]
[[39.77038860321045, 50]]
[[39.77038860321045, 50]]
[[39.77038860321045, 50]]
[[39.77038860321045, 50]]
[[39.77038860321045, 50]]
[[39.77038860321045, 50]]
[[39.77038860321045, 50]]
[[39.77038860321045, 50]]
[[39.77038860321045, 50]]
[[48.21338653564453, 50]]
[[56.36789798736572, 50]]
[[64.74437713623047, 50]]
[[73.13587665557861, 50]]
[[81.47540092468262, 50]]
[[89.82386589050293, 50]]
[[98.17829132080078, 50]]
[[106.57038688659668, 50]]
[[114.96784687042236, 50]]
[[123.30129146575928, 50]]
[[131.67836666107178, 50]]
[[140.06640911102295, 50]]
[[148.53229522705078, 50]]
[[156.7678689956665, 50]]
[[165.30230045318604, 50]]
[[173.59235286712646, 50]]
[[181.9218635559082, 50]]
[[190.3273105621338, 50]]
[[198.63989353179932, 50]]
[[207.00480937957764, 50]]
[[215.39630889892578, 50]]
[[223.81188869476318, 50]]
[[232.11684226989746, 50]]
[[240.52681922912598, 50]]
[[248.87290000915527, 50]]
[[257.29336738586426, 50]]
[[265.6843900680542, 50]]
[[265.6843900680542, 50]]
[[265.6843900680542, 50]]
[[265.6843900680542, 50]]
[[265.6843900680542, 50]]
[[265.6843900680542, 50]]
[[265.6843900680542, 50]]
[[265.6843900680542, 50]]
[[265.6843900680542, 50]]
[[265.6843900680542, 50]]
[[265.6843900680542, 50]]
[[265.6843900680542, 50]]
[[265.6843900680542, 50]]
[[265.6843900680542, 50]]
[[265.6843900680542, 50]]
[[265.6843900680542, 50]]
[[265.6843900680542, 50]]
[[265.6843900680542, 50]]
[[265.6843900680542, 50]]
[[265.6843900680542, 50]]
[[265.6843900680542, 50]]
[[265.6843900680542, 50]]
[[265.6843900680542, 50]]
[[265.6843900680542, 50]]
[[265.6843900680542, 50]]
[[265.6843900680542, 50]]
[[265.6843900680542, 50]]
[[265.6843900680542, 50]]
[[265.6843900680542, 50]]
[[265.6843900680542, 50]]
[[265.6843900680542, 50]]
[[265.6843900680542, 50]]
[[265.6843900680542, 50]]
[[265.6843900680542, 50]]
[[265.6843900680542, 50]]
[[265.6843900680542, 50]]
[[265.6843900680542, 50]]
[[265.6843900680542, 50]]
[[265.6843900680542, 50]]
[[265.6843900680542, 50]]
[[265.6843900680542, 50]]
[[265.6843900680542, 50]]
[[265.6843900680542, 50]]
[[265.6843900680542, 50]]
[[265.6843900680542, 50]]
[[265.6843900680542, 50]]
[[265.6843900680542, 50]]
[[265.6843900680542, 50]]
[[265.6843900680542, 50]]
[[265.6843900680542, 50]]
[[265.6843900680542, 50]]
[[265.6843900680542, 50]]
[[265.6843900680542, 50]]
[[265.6843900680542, 50]]
[[265.6843900680542, 50]]
[[265.6843900680542, 50]]
[[265.6843900680542, 50]]
[[265.6843900680542, 50]]
[[265.6843900680542, 50]]
[[265.6843900680542, 50]]
[[265.6843900680542, 50]]
[[265.6843900680542, 50]]
[[265.6843900680542, 50]]
[[265.6843900680542, 50]]
[[265.6843900680542, 50]]
[[265.6843900680542, 50]]
[[265.6843900680542, 50]]
[[265.6843900680542, 50]]
[[265.6843900680542, 50]]
[[265.6843900680542, 50]]
[[265.6843900680542, 50]]
[[265.6843900680542, 50]]
[[265.6843900680542, 50]]
[[265.6843900680542, 50]]
[[265.6843900680542, 50]]
[[265.6843900680542, 50]]
[[265.6843900680542, 50]]
[[265.6843900680542, 50]]
[[265.6843900680542, 50]]
[[265.6843900680542, 50]]
[[265.6843900680542, 50]]
[[265.6843900680542, 50]]
[[265.6843900680542, 50]]
[[265.6843900680542, 50]]
[[265.6843900680542, 50]]
[[265.6843900680542, 50]]
[[265.6843900680542, 50]]
[[265.6843900680542, 50]]
[[265.6843900680542, 50]]
[[265.6843900680542, 50]]
[[265.6843900680542, 50]]
[[265.6843900680542, 50]]
[[265.6843900680542, 50]]
[[265.6843900680542, 50]]
[[265.6843900680542, 50]]
[[265.6843900680542, 50]]