[[400, 300]]
[[400, 300]]
[[400, 300]]
[[400, 300]]
[[400, 300]]
[[400, 300]]
[[400, 300]]
[[400, 300]]
[[400, 300]]
[[400, 300]]
[[400, 300]]
[[400, 300]]
[[400, 300]]
[[400, 300]]
[[400, 300]]
[[400, 300]]
[[400, 300]]
[[400, 300]]
[[400, 300]]
[[400, 300]]
[[400, 300]]
[[400, 300]]
[[400, 300]]
[[400, 300]]
[[400, 300]]
[[400, 300]]
[[400, 300]]
[[400, 300]]
[[404.9827821862442, 288.8978389541438]]
[[408.7893802906711, 280.4163393395574]]
[[411.05391977925785, 275.3707079719256]]
[[413.21272043161053, 270.56067381581005]]
[[415.3876464913249, 265.714710561699]]
[[417.591629595761, 260.8040051659572]]
[[419.8009982731412, 255.8813001491373]]
[[421.99327088757093, 250.99668695271652]]
[[424.1965964511243, 246.08744662699007]]
[[426.3795695587843, 241.2235537065007]]
[[428.596672169404, 236.2836166756907]]
[[430.7909487179524, 231.39453850398502]]
[[433.05126115800743, 226.35832544359477]]
[[435.1934980424099, 221.58519709881836]]
[[437.39275311478457, 216.6850262541393]]
[[439.57610196009176, 211.820296150784]]
[[441.78904014512096, 206.8896378967379]]
[[443.97552013748873, 202.01793126949997]]
[[446.17662258662915, 197.11364427573017]]
[[448.3827035595958, 192.198264608987]]
[[450.57419338726044, 187.31539554353685]]
[[452.77200813198726, 182.41843389984382]]
[[454.97730631818877, 177.50479836407132]]
[[457.16472565467467, 172.6309987796686]]
[[459.3647635138145, 167.7290838040189]]
[[461.5497092441226, 162.86079567348347]]
[[463.74276464531744, 157.97443834609203]]
[[465.9945603653678, 152.9572014306625]]
[[468.1552083944862, 148.14305112545625]]
[[470.35195854921244, 143.24846149988332]]
[[472.5571001780609, 138.33517479030493]]
[[474.7550401686702, 133.4379340856566]]
[[476.96058884663654, 128.52374042797348]]
[[479.16037621401154, 123.62238357423439]]
[[481.3992716081725, 118.6338899372013]]
[[483.53245947757006, 113.88092374644567]]
[[485.758110119665, 108.9219408054361]]
[[487.95066453733017, 104.03669972186587]]
[[490.14321895499535, 99.15145863829565]]
[[492.3687443512079, 94.19275475824138]]
[[494.5593261462249, 89.31190888471721]]
[[496.75410367830307, 84.42171446919032]]
[[498.95257596391264, 79.52328775548193]]
[[501.1410598903991, 74.64711615295913]]
[[503.3283539810026, 69.77359562951172]]
[[505.54216888720873, 64.84098394877846]]
[[507.73801100928745, 59.948417515131474]]
[[509.93253804960074, 69.73062024239474]]
[[512.1248106640304, 74.61523343881552]]
[[514.3319562269976, 79.53298512367878]]
[[516.528299332606, 84.42666780114699]]
[[518.7108653911481, 89.28965377353164]]
[[520.9354827547131, 94.24633446165996]]
[[523.1364286465005, 99.15027262923562]]
[[525.3209673276907, 104.01765381166632]]
[[527.5106410900602, 108.89647649326453]]
[[529.7617479577573, 113.91217857343986]]
[[531.9548346704228, 118.79860566607013]]
[[534.1351776145518, 123.65663830649811]]
[[536.3227221969202, 128.53071695185614]]
[[538.5345957919487, 133.45900318778217]]
[[540.717944637256, 138.32373329113747]]
[[542.913129218452, 143.2148346547691]]
[[545.1736921502719, 148.25160583706997]]
[[547.3269819837981, 153.04936131115207]]
[[549.5199434505811, 157.93550934282703]]
[[551.7290303247258, 162.85758647249753]]
[[553.9094985147374, 167.71589817388082]]
[[556.1180844053524, 172.63685905973009]]
[[558.3064117744859, 177.51268183605876]]
[[560.5030366833298, 182.4069924006764]]
[[562.7267147027767, 187.36158013163993]]
[[564.9195509236773, 192.24744910235958]]
[[567.0976394419229, 197.10045864559208]]
[[569.3569186034479, 202.13436945310107]]
[[577.9552049890149, 221.29225286098696]]
[[580.1237121972551, 226.1239142411386]]
[[582.3286033343388, 231.03664282880638]]
[[584.5310208652446, 235.94385996260687]]
[[586.74117232939, 240.86830911039743]]
[[588.9316288785246, 245.7488759229663]]
[[591.1468841123786, 250.68469680468556]]
[[593.3235636144469, 255.53456691217087]]
[[595.5164937697593, 260.420645178607]]
[[597.7133691703681, 265.31551386513524]]
[[599.9310040759881, 270.2566369050053]]
[[602.1129439051181, 275.1182275726134]]
[[604.3237529101461, 280.04414179041936]]
[[606.5224756875206, 284.94312662603835]]
[[608.7369481346094, 289.87720337678695]]
[[610.9140033743249, 294.7279106671382]]
[[613.1225579534694, 299.64880178774865]]
[[615.3004272914206, 304.50132297430935]]
[[617.5200348196888, 309.44684122422547]]
[[619.7221705473592, 314.3534304708765]]
[[621.9664515144642, 319.3539237289877]]
[[624.0945356141531, 324.0955181858146]]
[[626.3034972424155, 329.0173162545298]]
[[628.5233552624485, 333.96339262635655]]
[[630.7110564021698, 338.8378200979087]]
[[632.9011059021865, 343.71747996237286]]
[[635.0890575336726, 348.59246555583564]]
[[637.2898781795776, 353.496124662456]]
[[639.5319360322698, 358.49166458861055]]
[[641.7091478293383, 363.3427207051559]]
[[643.9024850337687, 368.22970591969676]]
[[646.0984524017298, 373.12255141429904]]
[[648.3009638670475, 378.029977843816]]
[[650.494833366478, 382.91814906741695]]
[[652.6943389306175, 387.8188780340066]]
[[654.9043651488804, 392.7430481208419]]
[[657.106250384786, 397.6490792455823]]
[[659.2828985753837, 402.4988795878288]]
[[661.4887290565855, 407.41370113266134]]
[[663.6866690471948, 412.3109418373097]]
[[665.8853918245692, 417.2099266729287]]
[[668.0812026351773, 422.1024233413369]]
[[670.2869078704967, 427.01696582521413]]
[[672.48246818934, 431.9089043717117]]
[[674.708118831435, 436.8678873127213]]
[[676.8792562032061, 441.7054089729343]]
[[679.0890319297041, 446.62902093785897]]
[[681.2713161850107, 451.49137902309417]]
[[683.4815928950385, 456.41610723184004]]
[[685.6909615724187, 461.33881224865996]]
[[687.8714297624302, 466.19712395004325]]
[[690.0673971303913, 471.08996944464553]]
[[692.2600767939389, 475.97548958917105]]
[[694.4635276033747, 480.8850089758528]]
[[696.6733033298727, 485.8086209407775]]
[[698.8638851248897, 490.6894668143016]]
[[701.0544669199068, 495.5703126878258]]
[[703.2529078940457, 500.4686696362953]]
[[705.4579555884824, 505.38174705015723]]
[[707.6770308217502, 510.3260792910133]]
[[709.8621017979407, 515.194646482504]]
[[712.0438850697176, 520.055888323918]]
[[714.2478681741537, 524.9665937196598]]
[[716.4503796394714, 529.8740201491768]]
[[718.6672317583262, 534.8133990580761]]
[[720.8379933924501, 539.6500835354233]]
[[723.0573191174828, 544.59497389819]]
[[725.2494977975008, 549.4793777988943]]
[[727.4592422125282, 554.4029199985802]]
[[729.6487594175447, 559.2813938539842]]
[[731.8426289169753, 564.1695650775852]]
[[734.0483341522947, 569.0841075614624]]
[[736.2323405384847, 573.950302734833]]
[[738.4593062623451, 578.9122158158733]]
[[740.6758765779645, 578.9122158158733]]
[[742.8577850956239, 574.050694913504]]
[[745.0508718082893, 569.1642678208738]]
[[747.2436767177194, 564.278468615393]]
[[749.4560512962777, 559.3490661356457]]
[[751.6286603071673, 554.5082655092078]]
[[753.8300132480725, 549.6034203935275]]
[[756.0200627480892, 544.7237605290634]]
[[758.2378228995916, 539.782358428238]]
[[760.4326004316697, 534.8921640127111]]
[[762.6251548493349, 530.0069229291408]]
[[764.8338659858324, 525.0856829823363]]
[[767.0562289235138, 520.1340253914034]]
[[769.2280238361676, 515.295038661175]]
[[771.4512008720848, 510.3415671740327]]
[[773.624154309151, 505.49999912996776]]
[[775.8322079047657, 500.5802242531785]]
[[778.0126760947772, 495.72191255179524]]
[[778.0126760947772, 490.76641787272695]]
[[775.8298595444703, 485.9028737784317]]
[[773.6352072582746, 481.0129584238601]]
[[771.4251810400117, 476.0887883370248]]
[[769.2335346549941, 471.20557044538054]]
[[767.004878111721, 466.23989004144363]]
[[764.8404413946595, 461.4172981423394]]
[[762.6435346825801, 456.52235969057233]]
[[760.4169760078377, 451.5613535576368]]
[[758.2478112587147, 446.72822710746976]]
[[756.0304268448596, 441.7876621895103]]
[[753.8298566907195, 436.88456120480055]]
[[751.6027657209767, 431.92236906280493]]
[[749.4496324448036, 427.124962414917]]
[[747.2527257327242, 422.2300239631499]]
[[745.0438893503443, 417.30850495539005]]
[[742.8508339491494, 412.4221476279986]]
[[740.6400249441214, 407.49623341019264]]
[[738.4562690496963, 402.6305963587326]]
[[736.1182102281283, 397.42115621033673]]
[[734.0279503849306, 392.7638381620119]]
[[731.8583785866897, 387.92980476374015]]
[[729.628814010769, 382.9621011678773]]
[[727.4706708992991, 378.15353208177714]]
[[725.2584215666232, 373.2244086629852]]
[[723.0282933842317, 368.25544929282347]]
[[720.872905682175, 363.45301954774004]]
[[718.6677640533264, 358.5397328381617]]
[[716.4457768532923, 353.58891243009475]]
[[714.2754222682862, 348.75313490085233]]
[[712.0756662123819, 343.85184781235205]]
[[709.857624257644, 338.9098178243772]]
[[707.6720209864533, 334.0400646238264]]
[[705.4783080443757, 329.1522422264196]]
[[703.2355926508009, 324.1552372302497]]
[[701.0742870807998, 319.3396218550281]]
[[698.8707110254816, 314.42982340739104]]
[[696.6241756324929, 309.4243070520843]]
[[694.460396456314, 304.60318022299543]]
[[692.2829341674806, 299.75156598453947]]
[[690.0446650027317, 294.7644676522829]]
[[687.8798525480228, 289.94103857031274]]
[[685.6853255077094, 285.0514022766965]]
[[683.4801525673903, 280.1380458018793]]
[[681.2849679861943, 275.2469444382477]]
[[679.0977991414732, 270.3737029757556]]
[[676.8553655511338, 265.37732586673513]]
[[674.6989132590766, 260.5725241035316]]
[[672.4677517981551, 255.60126248048857]]
[[670.2918863943225, 250.75320626921274]]
[[668.0956685345966, 245.85980265269984]]
[[665.8997011666355, 240.96695715809756]]
[[663.6607744610039, 235.97839375582564]]
[[661.5093320042436, 231.1847544308343]]
[[659.2741000521434, 226.20442332674386]]
[[657.069584652707, 221.29253192194201]]
[[654.8829481029862, 216.42047646850995]]
[[652.7143156488635, 211.588536027403]]
[[650.5036318897179, 206.66290087055236]]
[[648.3138328814659, 201.78379912799886]]
[[646.1113214161483, 196.87637269848187]]
[[643.8960348708237, 191.9404820515238]]
[[641.713594058164, 187.07777514009445]]
[[639.5215719354991, 182.19372006558427]]
[[637.3080075210578, 177.26166650676163]]
[[635.1103180222134, 172.3649839240239]]
[[632.912785080722, 167.4686501674803]]
[[630.7108998448164, 162.56261904273984]]
[[628.4865955959574, 157.6066360069998]]
[[626.2984874071182, 152.7313015873429]]
[[624.0842654517942, 147.7977829585049]]
[[621.9149754567887, 142.9643774473826]]
[[619.7233290717711, 138.08115955573834]]
[[617.5235730158668, 133.17987246723808]]
[[615.3008030290675, 128.22730792820053]]
[[613.1324210667096, 123.39592560900418]]
[[610.9181991113857, 118.46240698016618]]
[[608.7175037113631, 113.55902693450113]]
[[606.5283622439939, 108.68139026196297]]
[[604.3358078263287, 103.79614917839275]]
[[602.1300086565975, 98.88139739879902]]
[[599.9353563704018, 93.99148204422744]]
[[597.7188799891942, 89.05294031819395]]
[[595.544329667127, 84.20781424694883]]
[[593.3417868903388, 79.30031805219303]]
[[591.1275649350148, 74.36679942335503]]
[[588.9190103558703, 69.44590830274458]]
[[586.7571724908689, 64.62910691846292]]
[[584.5345590614227, 59.67689120561949]]
[[582.3378089066964, 69.52369654403587]]
[[580.1375205557918, 74.42616964159618]]
[[577.9445590890087, 79.31231767327114]]
[[575.7693512260589, 84.15890881453161]]
[[573.5539394348519, 89.09507852244501]]
[[571.3536510839473, 93.99755162000531]]
[[569.1529556839247, 98.90093166567036]]
[[566.9610588071422, 103.78470767922522]]
[[564.7486842285839, 108.71411015897247]]
[[562.5638637441582, 113.58211922855261]]
[[560.3598806397221, 118.49282462429443]]
[[558.1555217976387, 123.40436720290215]]
[[555.9329083681924, 128.35658291574558]]
[[553.7584519805372, 133.20149969127422]]
[[551.5600110063982, 138.0998566397438]]
[[549.3700867522639, 142.9792374432526]]
[[547.1642562710621, 147.89405898808516]]
[[544.9630598875099, 152.79855527757144]]
[[542.7747012069058, 157.67444781913895]]
[[540.5619195792295, 162.60475724699094]]
[[538.3759405703914, 167.47534763040764]]
[[536.1699848433072, 172.3904482361955]]
[[533.9558881338656, 177.3236878040782]]
[[531.7875061715077, 182.15507012327453]]
[[529.5933861803123, 187.04379946878606]]
[[527.386647666463, 191.96064420554458]]
[[525.1451221087711, 196.95499812263907]]
[[522.9427045778654, 201.86221525643955]]
[[520.7769527790383, 206.6877372955745]]
[[518.5544645954744, 211.63967394746263]]
[[516.3801647651721, 216.48424189679713]]
[[514.1558292048426, 221.440294697776]]
[[511.9525036412892, 226.34953502350248]]
[[509.79567561158467, 231.15517396957193]]
[[507.5999587353884, 236.0474613422636]]
[[505.32665203503217, 241.11262697676676]]
[[503.19477924740005, 245.8626630274917]]
[[500.989762864434, 250.77567067611477]]
[[498.7768246794048, 255.70632893016088]]
[[496.597170587629, 260.5628267353347]]
[[494.39462781084075, 265.4703229300905]]
[[492.2023238849404, 270.3550058917501]]
[[490.0151550402194, 275.2282473542422]]
[[487.7812381698846, 280.20564831830194]]
[[485.5990791604604, 285.06772734258186]]
[[483.39036802396294, 289.98896728938644]]
[[481.20701917865574, 294.85369739274176]]
[[479.0038188609848, 299.76265865751293]]
[[476.8065364112582, 304.6584342921459]]
[[474.5824826541641, 309.61385920597536]]
[[472.41513397033617, 314.44293927229046]]
[[470.20091201501214, 319.37645790112845]]
[[468.0065102205813, 324.26581513378943]]
[[465.81949793321326, 329.1387077700874]]
[[463.613542206129, 334.0538083758753]]
[[461.414944674637, 338.952514150539]]
[[459.22135697844186, 343.8400574869905]]
[[457.0206615784193, 348.74343753265555]]
[[454.8324281436977, 353.6190510132677]]
[[452.6136034021947, 358.56282513221316]]
[[450.43526439218437, 363.41639279735625]]
[[448.2072340783234, 368.38067789651666]]
[[446.02557605242885, 373.24164067697535]]
[[443.8196516368152, 378.1566715175244]]
[[441.6021419770776, 383.09751549643914]]
[[439.4324449329543, 387.9318279556662]]
[[437.20823461850716, 392.8876016956898]]
[[435.0332772473222, 397.73363471503967]]
[[432.83627660083107, 402.62878246252325]]
[[430.61810940021076, 407.57109151145335]]
[[428.41872908195364, 412.4715414170877]]
[[426.2210395831092, 417.36822399982543]]
[[424.0559453251649, 422.192280968945]]
[[421.818865996299, 427.17672822212614]]
[[419.65010829629387, 432.00894772418843]]
[[417.4337571609687, 436.9472103892666]]
[[415.2141809441712, 441.8926588739439]]
[[413.0415719332816, 446.7334595003818]]
[[410.8203988314832, 451.6824660122392]]
[[408.61838834969524, 456.588776197935]]
[[406.4518537641031, 461.41604236804056]]
[[404.2206923031816, 466.38730399108357]]
[[402.0576646022972, 471.2067564544406]]
[[399.8569692022747, 476.1101365001057]]
[[397.6518275734262, 481.02342320968404]]
[[395.4524472551691, 485.9238731153184]]
[[393.2631805419175, 490.80178884881184]]
[[391.0251931804041, 495.78825929391894]]
[[388.86836515069956, 500.5938982399884]]
[[386.6528281136101, 505.53034700885706]]
[[384.46393713800575, 510.40742555948464]]
[[382.2637740329835, 515.3096195960896]]
[[380.0607302726656, 520.2182320346667]]
[[377.8698666744131, 525.0997057953404]]
[[375.6758719291001, 529.9881560798966]]
[[373.46453062907176, 534.9152563067626]]
[[371.2609545737535, 539.8250547543996]]
[[369.0605409769664, 544.7278069129152]]
[[366.8742801648929, 549.5990251834813]]
[[364.670046568692, 554.5102887011337]]
[[362.45504182660284, 559.4455514609424]]
[[360.26997085041234, 564.3141186524332]]
[[358.0765084000996, 569.2013829279293]]
[[355.8706779188978, 574.1162044727619]]
[[353.6624990774006, 579.0362584105064]]
[[351.48491154268476, 579.0362584105064]]
[[349.2833081100147, 574.1308551729154]]
[[347.08511762764056, 569.2330563463564]]
[[344.8825748508523, 564.3255601516006]]
[[342.69030223642255, 559.4409469551798]]
[[340.47777110051123, 554.5111956492384]]
[[338.2711578325443, 549.5946299734352]]
[[336.08702620047194, 544.7281557391092]]
[[333.8076763862889, 539.6495254135126]]
[[331.69681359543296, 534.9463018380401]]
[[329.5037268827675, 530.0598747454098]]
[[327.27466329037657, 525.0932873933682]]
[[325.0944455921299, 520.2355338138955]]
[[322.8975701915212, 515.3406651273672]]
[[320.6765223356052, 510.39193767646503]]
[[318.5036628329508, 505.5505789281165]]
[[316.29692431910144, 500.63373419135803]]
[[314.02139450433225, 495.56361522489823]]
[[311.9172323681858, 490.8753214105345]]
[[309.7058910681575, 485.9482211836685]]
[[307.49890206254327, 481.0308183249994]]
[[305.3140815781176, 476.1628092554193]]
[[303.09250142720134, 471.21289579545714]]
[[300.9157279907212, 466.36281639225535]]
[[298.7068916083413, 461.4412973844955]]
[[296.5090768636145, 456.54433574080247]]
[[294.3122014630058, 451.6494670542742]]
[[292.1208368812236, 446.7668770497794]]
[[289.9201414812011, 441.8634970041143]]
[[287.70235001822806, 436.9220251380501]]
[[285.47106331142413, 431.95048445405183]]
[[283.30518626671466, 427.1246833539616]]
[[281.10305053904426, 422.21809410731055]]
[[278.93858251051205, 417.3954324429675]]
[[276.68797662634466, 412.3808466066134]]
[[274.53064761311043, 407.5740914167227]]
[[272.2926289401264, 402.58755120637676]]
[[270.1314799274784, 397.7722846573493]]
[[267.8816568300761, 392.75944295196587]]
[[265.7391694539088, 387.98575648527884]]
[[263.54357782359494, 383.09374817354245]]
[[261.3428824235724, 378.1903681278774]]
[[259.09650358793675, 373.1852005987648]]
[[256.8893580249695, 368.26744891390155]]
[[254.71571573554994, 363.4243460345824]]
[[252.5285468908289, 358.5511045720903]]
[[250.33614903051676, 353.66621231471424]]
[[248.13676871225965, 348.7657624090799]]
[[245.93986200018034, 343.87082395731284]]
[[243.69492349219252, 338.8688656291863]]
[[241.54911710014105, 334.0877840471837]]
[[239.35828481335918, 329.2063800517489]]
[[237.15035646362682, 324.286884235915]]
[[234.9160325441742, 319.3085763237506]]
[[232.74661730328634, 314.47489175167294]]
[[230.54801977179434, 309.57618597700923]]
[[228.36689404090012, 304.7164092056106]]
[[226.1408363496873, 299.7565193164963]]
[[223.9564542258501, 294.8894869602597]]
[[221.6886270328498, 289.83653024255113]]
[[219.54873850874276, 285.0686342906867]]
[[217.36711179431884, 280.20774127546684]]
[[215.16009147723403, 275.2902686515589]]
[[212.9114582157148, 270.2800780252508]]
[[210.76765575778208, 265.5034614185331]]
[[208.54973904892663, 260.5617104915136]]
[[206.35076577978737, 255.66216753398402]]
[[204.17292775330668, 250.80971611266213]]
[[201.96499940357432, 245.8902202968282]]
[[199.77704777208814, 241.01523470336545]]
[[197.5699022091209, 236.0974830185022]]
[[195.35661959791503, 231.166057346829]]
[[193.18100468584734, 226.3185592574638]]
[[190.969663385819, 221.39145903059782]]
[[188.7685922481492, 216.48724180206685]]
[[186.58258192784052, 211.61658165341132]]
[[184.39109210017594, 206.73371258796118]]
[[182.1532299845449, 201.74752120380936]]
[[179.97210425365068, 196.88774443241073]]
[[177.7741642630414, 191.9905037277624]]
[[175.58477230390736, 187.1123089333136]]
[[173.38789690329867, 182.21744024678537]]
[[171.1727356038565, 177.2818286607826]]
[[168.99439659384615, 172.4282609956395]]
[[166.7883156208795, 167.51288132889633]]
[[164.59798431762732, 162.63259357728276]]
[[162.3572415467006, 157.63998379115893]]
[[160.1939633540514, 152.81997320589124]]
[[157.9905125446156, 147.9104538192095]]
[[155.80412648665967, 143.03895648768804]]
[[153.60358764399015, 138.1359252682171]]
[[151.3986651954359, 133.2231269153105]]
[[149.20758241688918, 128.34116479796512]]
[[147.00269127980553, 123.42843621029735]]
[[144.80343620743085, 118.52826536561831]]
[[142.52421163913021, 113.449914100977]]
[[140.38970868796727, 108.69401777019067]]
[[138.19846935206752, 103.81170682665115]]
[[135.9612647773192, 98.82698051251467]]
[[133.79169297907833, 93.99294711424292]]
[[131.57142790992748, 89.04596379431146]]
[[129.4201106990495, 84.25260353027542]]
[[127.19997087578108, 79.30589927129927]]
[[124.97669990545212, 74.35221848844049]]
[[122.80424745191556, 69.51176668819673]]
[[120.58608025129526, 64.56945763926663]]
[[118.39023812921654, 59.67689120561965]]
[[116.2013784650828, 69.44646642465536]]
[[113.97362995445728, 74.4101236366663]]
[[111.81022651592565, 79.23041328288927]]
[[109.61056439443308, 84.13149107567305]]
[[107.41804128823853, 89.01666239400446]]
[[105.22191736292436, 93.90985671480087]]
[[103.04094818938316, 98.76928466000537]]
[[100.83223705288566, 103.69052460680994]]
[[98.63404657051154, 108.5883234333689]]
[[96.4257111716613, 113.50872619730755]]
[[94.2317164263483, 118.39717648186378]]
[[92.02497791249894, 123.3140212186223]]
[[89.82666218424241, 128.21209910613655]]
[[87.6415912080519, 133.0806662976273]]
[[85.44693892185619, 137.97058165219886]]
[[83.23954286712411, 142.88889145897272]]
[[81.040162548867, 147.78934136460708]]
[[78.83160796972253, 152.71023248521752]]
[[76.64772682941503, 157.57614859763288]]
[[74.44925454380547, 162.47457531134125]]
[[72.24527143936938, 167.38528070708307]]
[[70.05575423435292, 172.26375456248715]]
[[67.84939145815082, 177.17976211637975]]
[[65.64136917400664, 182.09946722793015]]
[[63.41452869602868, 187.06110124801512]]
[[61.26399427191583, 191.8527173810805]]
[[59.03978395746871, 196.80849112110408]]
[[56.84356609774272, 201.70189473761698]]
[[54.65561446625654, 206.57688033107974]]
[[52.42288743180478, 211.55163021606404]]
[[50.24949563415006, 216.3941749734726]]
[[48.05866334736819, 221.27557896890735]]
[[45.847322047339844, 226.20267919577333]]
[[43.65439189202742, 231.08875746220946]]
[[41.45435403288759, 235.99067243785916]]
[[39.260077484339135, 240.87975060956484]]
[[37.05715896990362, 245.78808398718655]]
[[34.862757175472744, 250.67744121984754]]
[[32.66876243015974, 255.56589150440377]]
[[30.483315716321975, 260.4352958787604]]
[[28.26975130188066, 265.3673494375831]]
[[26.074159671566782, 270.25935774931946]]
[[23.873213779779398, 275.16329591689515]]
[[21.68892559035403, 280.0301189774152]]
[[21.68892559035403, 284.9554053080717]]
[[23.88003968037135, 289.8374371906559]]
[[26.078762457745757, 294.7364220262749]]
[[28.283277857182142, 299.64831343107676]]
[[30.485538830734946, 304.55518173868313]]
[[32.6821637395788, 309.44949230330076]]
[[34.88890225342816, 314.3663370400593]]
[[37.08471306403627, 319.2588337084675]]
[[39.28227731699828, 324.1552372302499]]
[[41.50423320556182, 329.105987873078]]
[[43.676810904980805, 333.94671873427706]]
[[45.87684876412063, 338.84863370992673]]
[[48.085309408853284, 343.7693155348207]]
[[50.27642349887061, 348.6513474174049]]
[[52.479717750953384, 353.5605179778925]]
[[54.696976918926126, 358.50080383489666]]
[[56.880451010115756, 363.36581299920726]]
[[59.065647232188674, 368.23465925165334]]
[[61.27673804045217, 373.16120135660873]]
[[63.47032573664731, 378.0487446930602]]
[[65.65317359842483, 382.9123585525943]]
[[67.86817834051399, 387.84762131240296]]
[[70.0770147228939, 392.7691403201628]]
[[72.25444570025671, 397.62068479337995]]
[[74.45382601851382, 402.5211346990143]]
[[76.67803633296094, 407.47690843903786]]
[[78.83580370678362, 412.2846403422721]]
[[81.08797516448126, 417.3027144405675]]
[[83.24755860359905, 422.11449272765367]]
[[85.48842662040818, 427.1073815747328]]
[[87.64393956834728, 431.9100903807716]]
[[89.888251846923, 436.9106534041216]]
[[92.05412889163244, 441.73645450421185]]
[[94.26415510989537, 446.6606245910471]]
[[96.4540793640297, 451.5400053945559]]
[[98.65292738728652, 456.43926929113024]]
[[100.84983409936582, 461.3342077428973]]
[[103.03935130438228, 466.2126815983014]]
[[105.2292755585166, 471.0920624018102]]
[[107.45714931502454, 476.05599867477645]]
[[109.64525750386375, 480.93133309443334]]
[[111.84751847741656, 485.8382014020397]]
[[114.04439387802525, 490.73307008856796]]
[[116.22551960891948, 495.5928468599666]]
[[118.46103336425512, 500.57380585120643]]
[[120.62900827749512, 505.40428122229804]]
[[122.84219695428916, 510.3354975982548]]
[[125.02526399636092, 515.1995998144606]]
[[127.23582250962413, 520.124955910356]]
[[129.4248387311109, 525.0023135219388]]
[[131.64391396437875, 529.9466457627949]]
[[133.82726280968595, 534.8113758661502]]
[[136.02244739088195, 539.7024772297818]]
[[138.2451860662106, 544.6549720035806]]
[[140.4302570424011, 549.5235391950714]]
[[142.6134806418259, 554.3879902374714]]
[[144.81943636891012, 559.3030908432593]]
[[147.0197560312854, 564.2056337060584]]
[[149.21819700542434, 569.1039906545279]]
[[151.41338158662035, 573.9950920181595]]
[[153.60909846281663, 578.8873793908513]]
[[155.8412932022681, 578.8873793908513]]
[[158.0145284425698, 574.0451834596369]]
[[160.21916908788862, 569.1330129938797]]
[[162.40674498172754, 564.2588645832828]]
[[164.6252879199951, 559.3157183514868]]
[[166.79774037353167, 554.4752665512431]]
[[169.05964969858755, 549.4354954636726]]
[[171.2238359238843, 544.613461686479]]
[[173.42149411125814, 539.7168488689802]]
[[175.60446721891807, 534.8529559484907]]
[[177.8281452383649, 529.8983682175271]]
[[179.99875031513574, 525.0620325663741]]
[[182.1930268636842, 520.1729543946684]]
[[184.3947555422367, 515.267272096122]]
[[186.58546258313615, 510.38614716164255]]
[[188.80666699640517, 505.4370708845463]]
[[190.99856387318763, 500.5532948709914]]
[[193.1905859958525, 495.66923979648124]]
[[195.37512467704272, 490.80185861405056]]
[[197.62441547944468, 485.79020291772713]]
[[199.8047584235738, 480.9321702772991]]
[[202.0075516921269, 476.0241159606327]]
[[204.17972234242802, 471.18429204753835]]
[[206.40105200157944, 466.2349367094868]]
[[208.60700772866366, 461.31983610369895]]
[[210.79023132808845, 456.45538506129895]]
[[212.98472705693115, 451.5658185329215]]
[[215.1919978657808, 446.64778778710297]]
[[217.37024294137933, 441.7944294176763]]
[[219.57422604581544, 436.88372402193454]]
[[221.7708509546593, 431.9894134573169]]
[[221.7708509546593, 431.9894134573169]]
[[221.7708509546593, 431.9894134573169]]
[[221.7708509546593, 431.9894134573169]]
[[221.7708509546593, 431.9894134573169]]
[[221.7708509546593, 431.9894134573169]]
[[221.7708509546593, 431.9894134573169]]
[[221.7708509546593, 431.9894134573169]]
[[221.7708509546593, 431.9894134573169]]
[[221.7708509546593, 431.9894134573169]]
[[221.7708509546593, 431.9894134573169]]
[[221.7708509546593, 431.9894134573169]]
[[221.7708509546593, 431.9894134573169]]
[[221.7708509546593, 431.9894134573169]]
[[221.7708509546593, 431.9894134573169]]
[[221.7708509546593, 431.9894134573169]]
[[221.7708509546593, 431.9894134573169]]
[[221.7708509546593, 431.9894134573169]]
[[221.7708509546593, 431.9894134573169]]
[[221.7708509546593, 431.9894134573169]]
[[221.7708509546593, 431.9894134573169]]
[[221.7708509546593, 431.9894134573169]]
[[221.7708509546593, 431.9894134573169]]
[[221.7708509546593, 431.9894134573169]]
[[221.7708509546593, 431.9894134573169]]
[[221.7708509546593, 431.9894134573169]]
[[221.7708509546593, 431.9894134573169]]
[[221.7708509546593, 431.9894134573169]]
[[221.7708509546593, 431.9894134573169]]
[[221.7708509546593, 431.9894134573169]]
[[221.7708509546593, 431.9894134573169]]
[[221.7708509546593, 431.9894134573169]]
[[221.7708509546593, 431.9894134573169]]
[[221.7708509546593, 431.9894134573169]]
[[221.7708509546593, 431.9894134573169]]
[[221.7708509546593, 431.9894134573169]]
[[221.7708509546593, 431.9894134573169]]
[[221.7708509546593, 431.9894134573169]]
[[221.7708509546593, 431.9894134573169]]
[[221.7708509546593, 431.9894134573169]]
[[221.7708509546593, 431.9894134573169]]
[[221.7708509546593, 431.9894134573169]]
[[221.7708509546593, 431.9894134573169]]
[[221.7708509546593, 431.9894134573169]]
[[221.7708509546593, 431.9894134573169]]
[[221.7708509546593, 431.9894134573169]]
[[221.7708509546593, 431.9894134573169]]
[[221.7708509546593, 431.9894134573169]]
[[221.7708509546593, 431.9894134573169]]
[[221.7708509546593, 431.9894134573169]]
[[221.7708509546593, 431.9894134573169]]
[[221.7708509546593, 431.9894134573169]]
[[221.7708509546593, 431.9894134573169]]
[[221.7708509546593, 431.9894134573169]]
[[221.7708509546593, 431.9894134573169]]
[[221.7708509546593, 431.9894134573169]]
[[221.7708509546593, 431.9894134573169]]
[[221.7708509546593, 431.9894134573169]]
[[221.7708509546593, 431.9894134573169]]
[[221.7708509546593, 431.9894134573169]]
[[221.7708509546593, 431.9894134573169]]
[[221.7708509546593, 431.9894134573169]]
[[221.7708509546593, 431.9894134573169]]
[[221.7708509546593, 431.9894134573169]]
[[221.7708509546593, 431.9894134573169]]
[[221.7708509546593, 431.9894134573169]]
[[221.7708509546593, 431.9894134573169]]
[[221.7708509546593, 431.9894134573169]]
[[221.7708509546593, 431.9894134573169]]
[[221.7708509546593, 431.9894134573169]]
[[221.7708509546593, 431.9894134573169]]
[[221.7708509546593, 431.9894134573169]]
[[221.7708509546593, 431.9894134573169]]
[[221.7708509546593, 431.9894134573169]]
[[221.7708509546593, 431.9894134573169]]
[[221.7708509546593, 431.9894134573169]]
[[221.7708509546593, 431.9894134573169]]
[[221.7708509546593, 431.9894134573169]][[400, 50]]
[[400, 50]]
[[400, 50]]
[[400, 50]]
[[400, 50]]
[[400, 50]]
[[400, 50]]
[[400, 50]]
[[400, 50]]
[[400, 50]]
[[400, 50]]
[[400, 50]]
[[400, 50]]
[[400, 50]]
[[400, 50]]
[[400, 50]]
[[400, 50]]
[[400, 50]]
[[400, 50]]
[[400, 50]]
[[400, 50]]
[[400, 50]]
[[400, 50]]
[[400, 50]]
[[400, 50]]
[[400, 50]]
[[400, 50]]
[[400, 50]]
[[400, 50]]
[[400, 50]]
[[400, 50]]
[[400, 50]]
[[400, 50]]
[[400, 50]]
[[400, 50]]
[[400, 50]]
[[400, 50]]
[[400, 50]]
[[400, 50]]
[[400, 50]]
[[408.6054801940918, 50]]
[[416.7614221572876, 50]]
[[425.13444423675537, 50]]
[[433.44690799713135, 50]]
[[441.8720245361328, 50]]
[[450.19640922546387, 50]]
[[458.57646465301514, 50]]
[[466.975474357605, 50]]
[[475.31893253326416, 50]]
[[483.6864709854126, 50]]
[[492.0825004577637, 50]]
[[500.41046142578125, 50]]
[[508.7864637374878, 50]]
[[517.1050071716309, 50]]
[[525.4544258117676, 50]]
[[525.4544258117676, 50]]
[[525.4544258117676, 50]]
[[525.4544258117676, 50]]
[[525.4544258117676, 50]]
[[525.4544258117676, 50]]
[[525.4544258117676, 50]]
[[525.4544258117676, 50]]
[[516.9304847717285, 50]]
[[508.8089942932129, 50]]
[[500.3354787826538, 50]]
[[491.9879674911499, 50]]
[[483.640456199646, 50]]
[[483.640456199646, 50]]
[[483.640456199646, 50]]
[[483.640456199646, 50]]
[[483.640456199646, 50]]
[[483.640456199646, 50]]
[[483.640456199646, 50]]
[[483.640456199646, 50]]
[[483.640456199646, 50]]
[[483.640456199646, 50]]
[[483.640456199646, 50]]
[[483.640456199646, 50]]
[[483.640456199646, 50]]
[[483.640456199646, 50]]
[[483.640456199646, 50]]
[[483.640456199646, 50]]
[[483.640456199646, 50]]
[[483.640456199646, 50]]
[[492.21088886260986, 50]]
[[500.56042671203613, 50]]
[[508.86144638061523, 50]]
[[517.189884185791, 50]]
[[525.6109476089478, 50]]
[[533.9234113693237, 50]]
[[542.2809362411499, 50]]
[[542.2809362411499, 50]]
[[542.2809362411499, 50]]
[[542.2809362411499, 50]]
[[542.2809362411499, 50]]
[[542.2809362411499, 50]]
[[542.2809362411499, 50]]
[[542.2809362411499, 50]]
[[542.2809362411499, 50]]
[[542.2809362411499, 50]]
[[542.2809362411499, 50]]
[[542.2809362411499, 50]]
[[550.8824825286865, 50]]
[[583.6179494857788, 50]]
[[591.8739080429077, 50]]
[[600.2683877944946, 50]]
[[608.653450012207, 50]]
[[617.0679569244385, 50]]
[[625.4074811935425, 50]]
[[633.8414192199707, 50]]
[[642.1284914016724, 50]]
[[650.4774332046509, 50]]
[[658.8413953781128, 50]]
[[667.2843933105469, 50]]
[[675.5914926528931, 50]]
[[684.0085029602051, 50]]
[[692.3794984817505, 50]]
[[700.8104562759399, 50]]
[[709.0989589691162, 50]]
[[717.5073862075806, 50]]
[[725.7989883422852, 50]]
[[734.2494964599609, 50]]
[[742.6334857940674, 50]]
[[742.6334857940674, 50]]
[[742.6334857940674, 50]]
[[742.6334857940674, 50]]
[[742.6334857940674, 50]]
[[742.6334857940674, 50]]
[[742.6334857940674, 50]]
[[742.6334857940674, 50]]
[[742.6334857940674, 50]]
[[742.6334857940674, 50]]
[[742.6334857940674, 50]]
[[742.6334857940674, 50]]
[[742.6334857940674, 50]]
[[742.6334857940674, 50]]
[[742.6334857940674, 50]]
[[742.6334857940674, 50]]
[[742.6334857940674, 50]]
[[742.6334857940674, 50]]
[[742.6334857940674, 50]]
[[742.6334857940674, 50]]
[[742.6334857940674, 50]]
[[742.6334857940674, 50]]
[[742.6334857940674, 50]]
[[742.6334857940674, 50]]
[[742.6334857940674, 50]]
[[742.6334857940674, 50]]
[[742.6334857940674, 50]]
[[742.6334857940674, 50]]
[[742.6334857940674, 50]]
[[742.6334857940674, 50]]
[[742.6334857940674, 50]]
[[742.6334857940674, 50]]
[[742.6334857940674, 50]]
[[742.6334857940674, 50]]
[[742.6334857940674, 50]]
[[742.6334857940674, 50]]
[[742.6334857940674, 50]]
[[742.6334857940674, 50]]
[[742.6334857940674, 50]]
[[742.6334857940674, 50]]
[[742.6334857940674, 50]]
[[742.6334857940674, 50]]
[[742.6334857940674, 50]]
[[742.6334857940674, 50]]
[[742.6334857940674, 50]]
[[742.6334857940674, 50]]
[[742.6334857940674, 50]]
[[742.6334857940674, 50]]
[[742.6334857940674, 50]]
[[742.6334857940674, 50]]
[[742.6334857940674, 50]]
[[742.6334857940674, 50]]
[[742.6334857940674, 50]]
[[742.6334857940674, 50]]
[[742.6334857940674, 50]]
[[742.6334857940674, 50]]
[[742.6334857940674, 50]]
[[742.6334857940674, 50]]
[[742.6334857940674, 50]]
[[742.6334857940674, 50]]
[[742.6334857940674, 50]]
[[742.6334857940674, 50]]
[[742.6334857940674, 50]]
[[742.6334857940674, 50]]
[[742.6334857940674, 50]]
[[742.6334857940674, 50]]
[[742.6334857940674, 50]]
[[742.6334857940674, 50]]
[[742.6334857940674, 50]]
[[742.6334857940674, 50]]
[[742.6334857940674, 50]]
[[742.6334857940674, 50]]
[[742.6334857940674, 50]]
[[742.6334857940674, 50]]
[[742.6334857940674, 50]]
[[742.6334857940674, 50]]
[[742.6334857940674, 50]]
[[742.6334857940674, 50]]
[[742.6334857940674, 50]]
[[742.6334857940674, 50]]
[[742.6334857940674, 50]]
[[742.6334857940674, 50]]
[[742.6334857940674, 50]]
[[742.6334857940674, 50]]
[[742.6334857940674, 50]]
[[742.6334857940674, 50]]
[[742.6334857940674, 50]]
[[742.6334857940674, 50]]
[[742.6334857940674, 50]]
[[742.6334857940674, 50]]
[[742.6334857940674, 50]]
[[742.6334857940674, 50]]
[[733.732008934021, 50]]
[[725.7739543914795, 50]]
[[717.5139427185059, 50]]
[[709.0255260467529, 50]]
[[700.8090257644653, 50]]
[[692.386531829834, 50]]
[[683.8959693908691, 50]]
[[675.689959526062, 50]]
[[667.2945261001587, 50]]
[[658.834958076477, 50]]
[[650.5719661712646, 50]]
[[642.1970367431641, 50]]
[[633.7524890899658, 50]]
[[625.4314422607422, 50]]
[[617.0795202255249, 50]]
[[608.5410356521606, 50]]
[[600.3124952316284, 50]]
[[591.9230222702026, 50]]
[[591.9230222702026, 50]]
[[591.9230222702026, 50]]
[[591.9230222702026, 50]]
[[591.9230222702026, 50]]
[[591.9230222702026, 50]]
[[591.9230222702026, 50]]
[[591.9230222702026, 50]]
[[591.9230222702026, 50]]
[[591.9230222702026, 50]]
[[591.9230222702026, 50]]
[[591.9230222702026, 50]]
[[591.9230222702026, 50]]
[[591.9230222702026, 50]]
[[591.9230222702026, 50]]
[[591.9230222702026, 50]]
[[591.9230222702026, 50]]
[[591.9230222702026, 50]]
[[591.9230222702026, 50]]
[[591.9230222702026, 50]]
[[591.9230222702026, 50]]
[[591.9230222702026, 50]]
[[591.9230222702026, 50]]
[[591.9230222702026, 50]]
[[591.9230222702026, 50]]
[[591.9230222702026, 50]]
[[591.9230222702026, 50]]
[[591.9230222702026, 50]]
[[591.9230222702026, 50]]
[[591.9230222702026, 50]]
[[591.9230222702026, 50]]
[[591.9230222702026, 50]]
[[591.9230222702026, 50]]
[[591.9230222702026, 50]]
[[591.9230222702026, 50]]
[[591.9230222702026, 50]]
[[591.9230222702026, 50]]
[[591.9230222702026, 50]]
[[591.9230222702026, 50]]
[[591.9230222702026, 50]]
[[591.9230222702026, 50]]
[[591.9230222702026, 50]]
[[591.9230222702026, 50]]
[[591.9230222702026, 50]]
[[591.9230222702026, 50]]
[[591.9230222702026, 50]]
[[591.9230222702026, 50]]
[[591.9230222702026, 50]]
[[591.9230222702026, 50]]
[[591.9230222702026, 50]]
[[591.9230222702026, 50]]
[[591.9230222702026, 50]]
[[591.9230222702026, 50]]
[[591.9230222702026, 50]]
[[591.9230222702026, 50]]
[[591.9230222702026, 50]]
[[591.9230222702026, 50]]
[[591.9230222702026, 50]]
[[591.9230222702026, 50]]
[[591.9230222702026, 50]]
[[591.9230222702026, 50]]
[[591.9230222702026, 50]]
[[591.9230222702026, 50]]
[[591.9230222702026, 50]]
[[591.9230222702026, 50]]
[[591.9230222702026, 50]]
[[591.9230222702026, 50]]
[[591.9230222702026, 50]]
[[591.9230222702026, 50]]
[[591.9230222702026, 50]]
[[591.9230222702026, 50]]
[[591.9230222702026, 50]]
[[591.9230222702026, 50]]
[[591.9230222702026, 50]]
[[591.9230222702026, 50]]
[[591.9230222702026, 50]]
[[591.9230222702026, 50]]
[[591.9230222702026, 50]]
[[591.9230222702026, 50]]
[[591.9230222702026, 50]]
[[591.9230222702026, 50]]
[[591.9230222702026, 50]]
[[591.9230222702026, 50]]
[[591.9230222702026, 50]]
[[591.9230222702026, 50]]
[[591.9230222702026, 50]]
[[591.9230222702026, 50]]
[[591.9230222702026, 50]]
[[583.2680702209473, 50]]
[[575.1515865325928, 50]]
[[566.7566299438477, 50]]
[[558.3315134048462, 50]]
[[550.0331163406372, 50]]
[[541.6475772857666, 50]]
[[533.3010196685791, 50]]
[[524.9740123748779, 50]]
[[516.4690256118774, 50]]
[[508.1610918045044, 50]]
[[499.7520685195923, 50]]
[[491.4396047592163, 50]]
[[483.05156230926514, 50]]
[[474.68605041503906, 50]]
[[466.21861457824707, 50]]
[[457.96706676483154, 50]]
[[449.5370626449585, 50]]
[[441.1825180053711, 50]]
[[432.8561067581177, 50]]
[[424.45757389068604, 50]]
[[416.0870552062988, 50]]
[[407.73561000823975, 50]]
[[399.35710430145264, 50]]
[[391.02604389190674, 50]]
[[382.5785160064697, 50]]
[[374.2851257324219, 50]]
[[365.80255031585693, 50]]
[[357.4965238571167, 50]]
[[357.4965238571167, 50]]
[[357.4965238571167, 50]]
[[357.4965238571167, 50]]
[[357.4965238571167, 50]]
[[357.4965238571167, 50]]
[[357.4965238571167, 50]]
[[357.4965238571167, 50]]
[[357.4965238571167, 50]]
[[357.4965238571167, 50]]
[[357.4965238571167, 50]]
[[357.4965238571167, 50]]
[[357.4965238571167, 50]]
[[357.4965238571167, 50]]
[[357.4965238571167, 50]]
[[357.4965238571167, 50]]
[[357.4965238571167, 50]]
[[357.4965238571167, 50]]
[[357.4965238571167, 50]]
[[357.4965238571167, 50]]
[[357.4965238571167, 50]]
[[357.4965238571167, 50]]
[[357.4965238571167, 50]]
[[357.4965238571167, 50]]
[[357.4965238571167, 50]]
[[357.4965238571167, 50]]
[[357.4965238571167, 50]]
[[357.4965238571167, 50]]
[[357.4965238571167, 50]]
[[357.4965238571167, 50]]
[[357.4965238571167, 50]]
[[357.4965238571167, 50]]
[[357.4965238571167, 50]]
[[357.4965238571167, 50]]
[[357.4965238571167, 50]]
[[357.4965238571167, 50]]
[[357.4965238571167, 50]]
[[357.4965238571167, 50]]
[[357.4965238571167, 50]]
[[357.4965238571167, 50]]
[[357.4965238571167, 50]]
[[357.4965238571167, 50]]
[[357.4965238571167, 50]]
[[357.4965238571167, 50]]
[[357.4965238571167, 50]]
[[357.4965238571167, 50]]
[[357.4965238571167, 50]]
[[357.4965238571167, 50]]
[[357.4965238571167, 50]]
[[357.4965238571167, 50]]
[[357.4965238571167, 50]]
[[357.4965238571167, 50]]
[[357.4965238571167, 50]]
[[357.4965238571167, 50]]
[[357.4965238571167, 50]]
[[357.4965238571167, 50]]
[[357.4965238571167, 50]]
[[357.4965238571167, 50]]
[[357.4965238571167, 50]]
[[357.4965238571167, 50]]
[[348.8331079483032, 50]]
[[340.8221244812012, 50]]
[[332.4030876159668, 50]]
[[324.00062084198, 50]]
[[315.6825542449951, 50]]
[[307.22453594207764, 50]]
[[298.9371061325073, 50]]
[[290.527606010437, 50]]
[[282.1600675582886, 50]]
[[273.79610538482666, 50]]
[[265.4531240463257, 50]]
[[257.0746183395386, 50]]
[[248.63102436065674, 50]]
[[248.63102436065674, 50]]
[[248.63102436065674, 50]]
[[248.63102436065674, 50]]
[[248.63102436065674, 50]]
[[248.63102436065674, 50]]
[[248.63102436065674, 50]]
[[248.63102436065674, 50]]
[[248.63102436065674, 50]]
[[240.06547927856445, 50]]
[[231.90858364105225, 50]]
[[223.5495090484619, 50]]
[[215.1710033416748, 50]]
[[206.6185712814331, 50]]
[[206.6185712814331, 50]]
[[206.6185712814331, 50]]
[[206.6185712814331, 50]]
[[206.6185712814331, 50]]
[[206.6185712814331, 50]]
[[206.6185712814331, 50]]
[[198.07162284851074, 50]]
[[189.90209102630615, 50]]
[[181.56113624572754, 50]]
[[173.1550931930542, 50]]
[[173.1550931930542, 50]]
[[173.1550931930542, 50]]
[[173.1550931930542, 50]]
[[173.1550931930542, 50]]
[[173.1550931930542, 50]]
[[173.1550931930542, 50]]
[[164.52100276947021, 50]]
[[156.37400150299072, 50]]
[[148.06809425354004, 50]]
[[139.66550827026367, 50]]
[[139.66550827026367, 50]]
[[139.66550827026367, 50]]
[[139.66550827026367, 50]]
[[139.66550827026367, 50]]
[[139.66550827026367, 50]]
[[139.66550827026367, 50]]
[[139.66550827026367, 50]]
[[139.66550827026367, 50]]
[[139.66550827026367, 50]]
[[139.66550827026367, 50]]
[[139.66550827026367, 50]]
[[139.66550827026367, 50]]
[[139.66550827026367, 50]]
[[139.66550827026367, 50]]
[[139.66550827026367, 50]]
[[139.66550827026367, 50]]
[[139.66550827026367, 50]]
[[139.66550827026367, 50]]
[[139.66550827026367, 50]]
[[139.66550827026367, 50]]
[[139.66550827026367, 50]]
[[139.66550827026367, 50]]
[[139.66550827026367, 50]]
[[139.66550827026367, 50]]
[[139.66550827026367, 50]]
[[139.66550827026367, 50]]
[[139.66550827026367, 50]]
[[139.66550827026367, 50]]
[[139.66550827026367, 50]]
[[139.66550827026367, 50]]
[[139.66550827026367, 50]]
[[139.66550827026367, 50]]
[[130.9880256652832, 50]]
[[122.86152839660645, 50]]
[[114.51902389526367, 50]]
[[114.51902389526367, 50]]
[[114.51902389526367, 50]]
[[114.51902389526367, 50]]
[[114.51902389526367, 50]]
[[114.51902389526367, 50]]
[[114.51902389526367, 50]]
[[114.51902389526367, 50]]
[[114.51902389526367, 50]]
[[114.51902389526367, 50]]
[[114.51902389526367, 50]]
[[114.51902389526367, 50]]
[[114.51902389526367, 50]]
[[114.51902389526367, 50]]
[[114.51902389526367, 50]]
[[114.51902389526367, 50]]
[[114.51902389526367, 50]]
[[114.51902389526367, 50]]
[[114.51902389526367, 50]]
[[114.51902389526367, 50]]
[[114.51902389526367, 50]]
[[114.51902389526367, 50]]
[[114.51902389526367, 50]]
[[114.51902389526367, 50]]
[[114.51902389526367, 50]]
[[114.51902389526367, 50]]
[[114.51902389526367, 50]]
[[114.51902389526367, 50]]
[[114.51902389526367, 50]]
[[114.51902389526367, 50]]
[[114.51902389526367, 50]]
[[114.51902389526367, 50]]
[[114.51902389526367, 50]]
[[114.51902389526367, 50]]
[[114.51902389526367, 50]]
[[114.51902389526367, 50]]
[[114.51902389526367, 50]]
[[114.51902389526367, 50]]
[[114.51902389526367, 50]]
[[114.51902389526367, 50]]
[[114.51902389526367, 50]]
[[114.51902389526367, 50]]
[[114.51902389526367, 50]]
[[114.51902389526367, 50]]
[[114.51902389526367, 50]]
[[114.51902389526367, 50]]
[[114.51902389526367, 50]]
[[114.51902389526367, 50]]
[[114.51902389526367, 50]]
[[114.51902389526367, 50]]
[[114.51902389526367, 50]]
[[114.51902389526367, 50]]
[[114.51902389526367, 50]]
[[114.51902389526367, 50]]
[[114.51902389526367, 50]]
[[114.51902389526367, 50]]
[[114.51902389526367, 50]]
[[114.51902389526367, 50]]
[[114.51902389526367, 50]]
[[114.51902389526367, 50]]
[[114.51902389526367, 50]]
[[114.51902389526367, 50]]
[[114.51902389526367, 50]]
[[114.51902389526367, 50]]
[[114.51902389526367, 50]]
[[114.51902389526367, 50]]
[[114.51902389526367, 50]]
[[114.51902389526367, 50]]
[[114.51902389526367, 50]]
[[114.51902389526367, 50]]
[[114.51902389526367, 50]]
[[114.51902389526367, 50]]
[[114.51902389526367, 50]]
[[114.51902389526367, 50]]
[[114.51902389526367, 50]]
[[114.51902389526367, 50]]
[[114.51902389526367, 50]]
[[114.51902389526367, 50]]
[[114.51902389526367, 50]]
[[114.51902389526367, 50]]
[[114.51902389526367, 50]]
[[114.51902389526367, 50]]
[[114.51902389526367, 50]]
[[114.51902389526367, 50]]
[[114.51902389526367, 50]]
[[114.51902389526367, 50]]
[[114.51902389526367, 50]]
[[114.51902389526367, 50]]
[[114.51902389526367, 50]]
[[114.51902389526367, 50]]
[[114.51902389526367, 50]]
[[114.51902389526367, 50]]
[[114.51902389526367, 50]]
[[114.51902389526367, 50]]
[[114.51902389526367, 50]]
[[114.51902389526367, 50]]
[[114.51902389526367, 50]]
[[114.51902389526367, 50]]
[[114.51902389526367, 50]]
[[114.51902389526367, 50]]
[[114.51902389526367, 50]]
[[114.51902389526367, 50]]
[[114.51902389526367, 50]]
[[114.51902389526367, 50]]
[[114.51902389526367, 50]]
[[114.51902389526367, 50]]
[[114.51902389526367, 50]]
[[114.51902389526367, 50]]
[[114.51902389526367, 50]]
[[114.51902389526367, 50]]
[[114.51902389526367, 50]]
[[114.51902389526367, 50]]
[[114.51902389526367, 50]]
[[114.51902389526367, 50]]
[[114.51902389526367, 50]]
[[114.51902389526367, 50]]
[[114.51902389526367, 50]]
[[114.51902389526367, 50]]
[[114.51902389526367, 50]]
[[114.51902389526367, 50]]
[[114.51902389526367, 50]]
[[114.51902389526367, 50]]
[[114.51902389526367, 50]]
[[114.51902389526367, 50]]
[[114.51902389526367, 50]]
[[114.51902389526367, 50]]
[[114.51902389526367, 50]]
[[114.51902389526367, 50]]
[[114.51902389526367, 50]]
[[114.51902389526367, 50]]
[[114.51902389526367, 50]]
[[114.51902389526367, 50]]
[[114.51902389526367, 50]]
[[114.51902389526367, 50]]
[[114.51902389526367, 50]]
[[114.51902389526367, 50]]
[[114.51902389526367, 50]]
[[114.51902389526367, 50]]
[[114.51902389526367, 50]]
[[114.51902389526367, 50]]
[[114.51902389526367, 50]]
[[114.51902389526367, 50]]
[[114.51902389526367, 50]]
[[114.51902389526367, 50]]
[[114.51902389526367, 50]]
[[114.51902389526367, 50]]
[[114.51902389526367, 50]]
[[114.51902389526367, 50]]
[[114.51902389526367, 50]]
[[114.51902389526367, 50]]
[[114.51902389526367, 50]]
[[114.51902389526367, 50]]
[[114.51902389526367, 50]]
[[114.51902389526367, 50]]
[[114.51902389526367, 50]]
[[114.51902389526367, 50]]
[[114.51902389526367, 50]]
[[114.51902389526367, 50]]
[[114.51902389526367, 50]]
[[114.51902389526367, 50]]
[[114.51902389526367, 50]]
[[114.51902389526367, 50]]
[[114.51902389526367, 50]]
[[114.51902389526367, 50]]
[[114.51902389526367, 50]]
[[114.51902389526367, 50]]
[[114.51902389526367, 50]]
[[114.51902389526367, 50]]
[[114.51902389526367, 50]]
[[114.51902389526367, 50]]
[[114.51902389526367, 50]]
[[114.51902389526367, 50]]
[[114.51902389526367, 50]]
[[114.51902389526367, 50]]
[[114.51902389526367, 50]]
[[114.51902389526367, 50]]
[[114.51902389526367, 50]]
[[114.51902389526367, 50]]
[[114.51902389526367, 50]]
[[114.51902389526367, 50]]
[[114.51902389526367, 50]]
[[114.51902389526367, 50]]
[[114.51902389526367, 50]]
[[114.51902389526367, 50]]
[[114.51902389526367, 50]]
[[114.51902389526367, 50]]
[[114.51902389526367, 50]]
[[114.51902389526367, 50]]
[[114.51902389526367, 50]]
[[114.51902389526367, 50]]
[[114.51902389526367, 50]]
[[114.51902389526367, 50]]
[[114.51902389526367, 50]]
[[114.51902389526367, 50]]
[[114.51902389526367, 50]]
[[114.51902389526367, 50]]
[[114.51902389526367, 50]]
[[114.51902389526367, 50]]
[[114.51902389526367, 50]]
[[114.51902389526367, 50]]
[[114.51902389526367, 50]]
[[114.51902389526367, 50]]
[[114.51902389526367, 50]]
[[114.51902389526367, 50]]
[[114.51902389526367, 50]]
[[114.51902389526367, 50]]
[[114.51902389526367, 50]]
[[114.51902389526367, 50]]
[[114.51902389526367, 50]]
[[114.51902389526367, 50]]
[[114.51902389526367, 50]]
[[114.51902389526367, 50]]
[[114.51902389526367, 50]]
[[114.51902389526367, 50]]
[[114.51902389526367, 50]]
[[114.51902389526367, 50]]
[[114.51902389526367, 50]]
[[114.51902389526367, 50]]
[[114.51902389526367, 50]]
[[114.51902389526367, 50]]
[[114.51902389526367, 50]]
[[114.51902389526367, 50]]
[[114.51902389526367, 50]]