ball 	 paddle 
[[400, 300]]	[[400, 50]]
[[400, 300]]	[[400, 50]]
[[400, 300]]	[[400, 50]]
[[400, 300]]	[[400, 50]]
[[400, 300]]	[[400, 50]]
[[400, 300]]	[[400, 50]]
[[400, 300]]	[[400, 50]]
[[400, 300]]	[[400, 50]]
[[400, 300]]	[[400, 50]]
[[400, 300]]	[[400, 50]]
[[400, 300]]	[[400, 50]]
[[400, 300]]	[[400, 50]]
[[400, 300]]	[[400, 50]]
[[400, 300]]	[[400, 50]]
[[400, 300]]	[[400, 50]]
[[400, 300]]	[[400, 50]]
[[400, 300]]	[[400, 50]]
[[400, 300]]	[[400, 50]]
[[400, 300]]	[[400, 50]]
[[400, 300]]	[[400, 50]]
[[400, 300]]	[[400, 50]]
[[400, 300]]	[[400, 50]]
[[400, 300]]	[[400, 50]]
[[400, 300]]	[[400, 50]]
[[400, 300]]	[[400, 50]]
[[400, 300]]	[[400, 50]]
[[400, 300]]	[[400, 50]]
[[400, 300]]	[[400, 50]]
[[400, 300]]	[[400, 50]]
[[400, 300]]	[[400, 50]]
[[400, 300]]	[[400, 50]]
[[400, 300]]	[[400, 50]]
[[400, 300]]	[[400, 50]]
[[407.2136357972292, 292.05220716073416]]	[[400, 50]]
[[410.3393284066101, 288.6084018402429]]	[[400, 50]]
[[413.8041185129994, 284.79098787990716]]	[[400, 50]]
[[417.27161157045185, 280.97059587968863]]	[[400, 50]]
[[420.67683846432317, 277.21880708913426]]	[[400, 50]]
[[424.2145591048517, 273.3210401981421]]	[[400, 50]]
[[427.6016516543178, 269.58923134789245]]	[[400, 50]]
[[431.05617054666726, 265.78313393911145]]	[[400, 50]]
[[434.49270252830587, 261.9968540320961]]	[[400, 50]]
[[437.9538067923364, 258.18350103523693]]	[[400, 50]]
[[441.38994561745676, 254.39765429765907]]	[[400, 50]]
[[444.9202454287029, 250.50806347979974]]	[[408.56339931488037, 50]]
[[448.2968210413053, 246.78784191200327]]	[[416.7539119720459, 50]]
[[451.7614145694355, 242.9706445363863]]	[[425.1579284667969, 50]]
[[455.21981588240294, 239.16026957940994]]	[[433.54692459106445, 50]]
[[458.6705997878289, 235.35828728028517]]	[[441.91744327545166, 50]]
[[462.14900293866333, 231.52587482817597]]	[[450.3549575805664, 50]]
[[465.5688749128402, 227.7579504760747]]	[[458.6504936218262, 50]]
[[469.0130243020203, 223.96327791120777]]	[[467.004919052124, 50]]
[[472.44709905541976, 220.17970531317678]]	[[475.33490657806396, 50]]
[[475.912134884633, 216.3620206219426]]	[[483.7399959564209, 50]]
[[479.40886895813185, 212.50941164480992]]	[[492.2219753265381, 50]]
[[482.80294003579723, 208.76991403704466]]	[[500.4549264907837, 50]]
[[486.286503365934, 204.93181623606824]]	[[508.90495777130127, 50]]
[[489.7081936890079, 201.16188847531853]]	[[517.2049045562744, 50]]
[[493.1938210908656, 197.32151653479525]]	[[525.6599426269531, 50]]
[[496.6305987953281, 193.53496589688146]]	[[533.9964866638184, 50]]
[[500.0836433507341, 189.73049287349107]]	[[542.3724889755249, 50]]
[[503.49501331520344, 185.97193581047577]]	[[550.6474018096924, 50]]
[[506.98540773984513, 182.12631169052278]]	[[559.1140031814575, 50]]
[[510.435749344188, 178.3248167070152]]	[[567.4834489822388, 50]]
[[513.8712492899662, 174.53967386977328]]	[[575.8168935775757, 50]]
[[517.3123517161297, 170.74835836804698]]	[[584.1639280319214, 50]]
[[520.8575423305053, 166.8423612577423]]	[[584.1639280319214, 50]]
[[524.2353465572273, 163.12078603545365]]	[[584.1639280319214, 50]]
[[527.7007755429588, 159.30266817478199]]	[[584.1639280319214, 50]]
[[531.1418288245576, 155.51140681923536]]	[[584.1639280319214, 50]]
[[534.5901555017443, 151.71213182909497]]	[[584.1639280319214, 50]]
[[538.0322899637683, 147.91967925759522]]	[[584.1639280319214, 50]]
[[541.5599359685161, 144.03301233343905]]	[[584.1639280319214, 50]]
[[544.939804266959, 140.30916297160348]]	[[584.1639280319214, 50]]
[[548.4029234581457, 136.4935899813771]]	[[584.1639280319214, 50]]
[[551.8380793919704, 132.708826167393]]	[[584.1639280319214, 50]]
[[555.2795749746522, 128.91707749622918]]	[[584.1639280319214, 50]]
[[558.7113890780715, 125.13599562246384]]	[[584.1639280319214, 50]]
[[562.189349927823, 121.30407048597182]]	[[584.1639280319214, 50]]
[[565.6370377256675, 117.50549939616737]]	[[584.1639280319214, 50]]
[[569.1040884820369, 113.685594711566]]	[[584.1639280319214, 50]]
[[572.5229284203533, 109.91880742923817]]	[[584.1639280319214, 50]]
[[576.0075237863505, 106.07957255848832]]	[[584.1639280319214, 50]]
[[579.4374703963081, 102.3005482395511]]	[[584.1639280319214, 50]]
[[582.9032925385578, 98.48199720944193]]	[[584.1639280319214, 50]]
[[586.3410531343161, 94.69436364793438]]	[[584.1639280319214, 50]]
[[589.8085461917685, 90.87397164771582]]	[[584.1639280319214, 50]]
[[593.2512703885699, 87.08086932205981]]	[[584.1639280319214, 50]]
[[596.5332427139633, 83.46487915016198]]	[[584.1639280319214, 50]]
[[606.9016647029255, 72.04122645202982]]	[[609.3144655227661, 50]]
[[610.2541103342189, 68.34759065845995]]	[[617.4464464187622, 50]]
[[613.7030267461831, 64.5476659141633]]	[[625.8124351501465, 50]]
[[617.1334156572237, 60.76815427960889]]	[[634.1334819793701, 50]]
[[620.6882877508618, 56.85149037190577]]	[[634.1334819793701, 50]]
[[624.0813267926668, 64.50651481760072]]	[[634.1334819793701, 50]]
[[627.4813935072358, 68.25261825928787]]	[[634.1334819793701, 50]]
[[630.9494762994657, 72.07366001366267]]	[[634.1334819793701, 50]]
[[634.4154950199746, 75.89242762849061]]	[[634.1334819793701, 50]]
[[637.8291747789888, 79.65352956195123]]	[[634.1334819793701, 50]]
[[641.3177017101686, 83.49709612707608]]	[[634.1334819793701, 50]]
[[644.8103076402256, 87.345156825115]]	[[634.1334819793701, 50]]
[[648.2033466820305, 91.08351736310682]]	[[634.1334819793701, 50]]
[[651.6611582602205, 94.89324256592691]]	[[634.1334819793701, 50]]
[[655.1207881873075, 98.70497117739545]]	[[634.1334819793701, 50]]
[[658.5358931387004, 102.46764335006702]]	[[634.1334819793701, 50]]
[[662.0132642536744, 106.29891873240278]]	[[634.1334819793701, 50]]
[[665.4473390070738, 110.08249133043377]]	[[634.1334819793701, 50]]
[[668.8965011418618, 113.88268680562885]]	[[634.1334819793701, 50]]
[[672.3647805123508, 117.70394514472241]]	[[634.1334819793701, 50]]
[[675.8551257924277, 121.5495151184957]]	[[634.1334819793701, 50]]
[[679.2993243261726, 125.34424182954234]]	[[634.1334819793701, 50]]
[[682.7321704654524, 129.12646077308113]]	[[634.1334819793701, 50]]
[[686.1812834556757, 132.92660210209652]]	[[634.1334819793701, 50]]
[[689.6743316868158, 136.77515011575264]]	[[634.1334819793701, 50]]
[[693.0729240644413, 140.51962917204918]]	[[634.1334819793701, 50]]
[[696.5239045481263, 144.3218280558927]]	[[634.1334819793701, 50]]
[[699.9590113373862, 148.10653772369713]]	[[634.1334819793701, 50]]
[[703.4137268079949, 151.9128517171969]]	[[634.1334819793701, 50]]
[[706.8645107134208, 155.71483401632167]]	[[634.1334819793701, 50]]
[[710.3410463707935, 159.54518891360274]]	[[634.1334819793701, 50]]
[[713.7629824166913, 163.31538740525087]]	[[634.1334819793701, 50]]
[[717.2405501099245, 167.1468793723054]]	[[634.1334819793701, 50]]
[[720.6523623754769, 170.9059237509379]]	[[634.1334819793701, 50]]
[[724.1503250630952, 174.75988638256277]]	[[634.1334819793701, 50]]
[[727.5658723155711, 178.52304587085152]]	[[634.1334819793701, 50]]
[[731.0355768784389, 182.345874449156]]	[[634.1334819793701, 50]]
[[734.4733866187619, 186.13356215684325]]	[[634.1334819793701, 50]]
[[737.9328199675898, 189.94507418359305]]	[[634.1334819793701, 50]]
[[741.3737258154943, 193.7361731006006]]	[[634.1334819793701, 50]]
[[744.8407765718637, 197.55607778520198]]	[[634.1334819793701, 50]]
[[748.2822721545455, 201.3478264563658]]	[[634.1334819793701, 50]]
[[751.7456370685561, 205.1636701774906]]	[[634.1334819793701, 50]]
[[755.1681628492313, 208.93451842329497]]	[[634.1334819793701, 50]]
[[758.6279893545775, 212.74646361948226]]	[[634.1334819793701, 50]]
[[762.0979396402691, 216.5695629286852]]	[[634.1334819793701, 50]]
[[765.5326532730107, 220.35383942705212]]	[[634.1334819793701, 50]]
[[769.0126781944831, 224.18803870309102]]	[[634.1334819793701, 50]]
[[769.0126781944831, 224.18803870309102]]	[[634.1334819793701, 50]]
[[769.0126781944831, 224.18803870309102]]	[[634.1334819793701, 50]]
[[769.0126781944831, 224.18803870309102]]	[[634.1334819793701, 50]]
[[769.0126781944831, 224.18803870309102]]	[[634.1334819793701, 50]]
[[769.0126781944831, 224.18803870309102]]	[[634.1334819793701, 50]]
[[769.0126781944831, 224.18803870309102]]	[[634.1334819793701, 50]]
[[769.0126781944831, 224.18803870309102]]	[[634.1334819793701, 50]]
[[769.0126781944831, 224.18803870309102]]	[[634.1334819793701, 50]]
[[769.0126781944831, 224.18803870309102]]	[[634.1334819793701, 50]]
[[769.0126781944831, 224.18803870309102]]	[[634.1334819793701, 50]]
[[769.0126781944831, 224.18803870309102]]	[[634.1334819793701, 50]]
[[769.0126781944831, 224.18803870309102]]	[[634.1334819793701, 50]]
[[769.0126781944831, 224.18803870309102]]	[[634.1334819793701, 50]]
[[769.0126781944831, 224.18803870309102]]	[[634.1334819793701, 50]]
[[769.0126781944831, 224.18803870309102]]	[[634.1334819793701, 50]]
