1342122610.718
1342122612.734
1342122614.75
1342122616.75
1342122618.765
1342122620.765
1342122622.781
1342122624.781
1342122626.796
1342122628.796
1342122630.796
1342122632.812
1342122634.828
1342122636.828
1342122638.843
1342122640.843
1342122642.859
1342122644.859
1342122646.875
1342122648.875
1342122650.875
1342122652.89
1342122654.906
1342122656.921
1342122658.937
1342122660.953
1342122662.968
1342122664.968
1342122666.984
1342122669.0
1342122671.015
1342122673.031
1342122675.046
1342122677.046
1342122679.062
1342122681.078
1342122683.093
1342122685.109
1342122687.125
1342122689.125
1342122691.14
1342122693.14
1342122695.156
1342122697.171
1342122699.187
1342122701.203
1342122703.218
1342122705.218
1342122707.234
1342122709.25
1342122711.265
1342122713.281
1342122715.296
1342122717.312
1342122719.312
1342122721.312
1342122723.328
1342122929.968
1342122931.968
1342122933.968
1342122935.984
1342122938.0
1342122940.015
1342122942.015
1342122944.031
1342122946.031
1342122948.046
1342122950.046
1342122952.046
1342122954.062
1342122956.078
1342122958.093
1342122960.109
1342122962.125
1342122964.14
1342122966.14
1342122968.156
1342122970.171
1342122972.187
1342122974.203
1342122976.218
1342122978.218
1342122980.234
1342122982.25
pixel flash on
