1341956050.140003
1341956052.1461
1341956054.152088
1341956056.158185
1341956058.164166
1341956060.170182
1341956062.176244
1341956064.182352
1341956066.188395
1341956068.1944
1341956070.200503
1341956072.2065
1341956074.212596
1341956076.218792
1341956078.224722
1341956080.230872
1341956082.236754
1341956084.242704
1341956086.248873
1341956088.25483
1341956090.260884
1341956092.266903
1341956094.273144
1341956096.279041
1341956098.285091
1341956100.29115
1341956102.297162
1341956104.303161
1341956106.309642
1341956108.315295
1341956110.321257
1341956112.327398
1341956114.333487
1341956116.339486
1341956118.345537
1341956120.351479
1341956122.357651
1341956124.363668
1341956126.369707
1341956128.37581
1341956130.381786
1341956132.387846
1341956134.393781
1341956136.399859
1341956138.405988
1341956140.412041
1341956142.418078
1341956144.424146
1341956146.430115
1341956148.436195
1341956150.442201
1341956152.448284
1341956154.454354
1341956156.460386
1341956158.466428
1341956160.472633
1341956162.478787
1341956164.484652
1341956166.490602
1341956168.496593
1341956170.502757
1341956172.508729
1341956174.514796
1341956176.520822
1341956178.526872
1341956180.532876
1341956188.931726
1341956190.946009
1341956192.953819
1341956194.959711
1341956196.965857
1341956198.971817
1341956200.977846
1341956202.983911
1341956204.989897
1341956206.99599
1341956209.00201
1341956211.008184
1341956213.014117
1341956215.020164
1341956217.0262
1341956219.032193
1341956221.039143
1341956223.044353
1341956225.050389
1341956227.05648
1341956229.062465
1341956231.068868
1341956233.074651
1341956235.080516
1341956237.08687
1341956239.092698
1341956241.099062
1341956243.104813
1341956245.110829
1341956247.116935
1341956249.122868
1341956251.129034
1341956253.135027
1341956255.141032
1341956257.14716
1341956259.153434
1341956261.159447
1341956263.165194
1341956265.171225
1341956267.17734
1341956269.183622
1341956271.189433
1341956273.195625
1341956275.201501
1341956277.207642
1341956279.213601
1341956281.219677
1341956283.225695
1341956285.231672
1341956287.237765
1341956289.243824
1341956291.249848
1341956293.25587
1341956295.261933
1341956297.268019
1341956299.274185
1341956301.276486
1341956303.2862
1341956305.292219
1341956307.298183
1341956309.304227
1341956311.310381
1341956313.316343
1341956315.322475
1341956317.32852
1341956319.334496
1341956321.340537
1341956323.346594
1341956325.352637
1341956327.358675
1341956329.36475
1341956331.3708
1341956333.376827
1341956335.382838
1341956337.388997
1341956339.394886
1341956341.400931
1341956343.407263
1341956345.413074
1341956347.419118
1341956349.4252
1341956351.431181
1341956353.437221
1341956355.443296
1341956357.449338
1341956359.455425
1341956361.46144
1341956363.46748
1341956365.473538
1341956367.479584
1341956369.485547
1341956371.491726
1341956373.4977
1341956375.503777
1341956377.509885
1341956379.516026
1341956381.52184
1341956383.52797
1341956385.533982
1341956387.540034
1341956389.544975
1341956391.552127
1341956393.558371
1341956395.564223
1341956397.570205
1341956399.576258
1341956401.582285
1341956403.588303
1341956405.594437
1341956407.600454
1341956409.60656
1341956411.612565
1341956413.618634
1341956415.624697
1341956417.630667
1341956419.636757
1341956421.642855
1341956423.648834
1341956425.654893
1341956427.660867
1341956429.667114
1341956431.672977
1341956433.679055
1341956435.685123
1341956437.69109
1341956439.69719
1341956441.703226
1341956443.709381
1341956445.715285
1341956447.721383
1341956449.727399
1341956451.733391
1341956453.739553
1341956455.745669
1341956457.751569
1341956459.757636
1341956461.763711
1341956463.769719
1341956465.775791
1341956467.781826
1341956469.787862
1341956471.793903
1341956473.799899
1341956475.805987
1341956477.812036
1341956479.818102
1341956482.092679
1341956484.097811
1341956486.103784
1341956488.109732
1341956490.115804
1341956492.12182
1341956494.127874
1341956496.134029
1341956498.139889
1341956500.145997
1341956502.15204
1341956504.158072
1341956506.164324
1341956508.170426
1341956510.176346
1341956512.182236
1341956514.188253
1341956516.194342
1341956518.200407
1341956520.206554
1341956522.212495
1341956524.21863
1341956526.224858
1341956528.230691
1341956530.236687
1341956532.24286
1341956534.248785
1341956536.254852
1341956538.260857
1341956540.266878
1341956542.272907
1341956544.278947
1341956546.285057
1341956548.291062
1341956550.297153
1341956552.303191
1341956554.309268
1341956556.315267
1341956558.321265
1341956560.327351
1341956562.333411
1341956564.339575
1341956566.345553
1341956568.351544
1341956570.357531
1341956572.363643
1341956574.369662
1341956576.375757
1341956578.381795
1341956580.386517
1341956582.39388
1341956584.399885
1341956586.405923
1341956588.413401
1341956590.417934
1341956592.424123
1341956594.430243
1341956596.436229
1341956598.442212
1341956600.448275
1341956602.454264
1341956604.460285
1341956606.466542
1341956608.472491
1341956610.478536
1341956612.484555
1341956614.490558
1341956616.496613
1341956618.502678
1341956620.50869
1341956622.514768
1341956624.520792
1341956626.526833
1341956628.532878
1341956630.538914
1341956632.545217
1341956634.55096
1341956636.557008
1341956638.563072
1341956640.569145
1341956642.575299
1341956644.581228
1341956646.58732
1341956648.593248
1341956650.599312
1341956652.605421
1341956654.610188
1341956656.616357
1341956658.622434
1341956660.628458
1341956662.634533
1341956664.640413
1341956666.646456
1341956668.652538
1341956670.658544
1341956672.664565
1341956674.671908
1341956676.677984
1341956678.682883
pixel flash on
