1341854255.059434
1341854257.064346
1341854259.069796
1341854255.059434
1341854257.064346
1341854259.069796
1341854255.059434
1341854257.064346
1341854259.069796
1341854255.059434
1341854257.064346
1341854259.069796
1341854255.059434
1341854257.064346
1341854259.069796
1341854255.059434
1341854257.064346
1341854259.069796
1341854255.059434
1341854257.064346
1341854259.069796
1341854255.059434
1341854257.064346
1341854259.069796
1341854255.059434
1341854257.064346
1341854259.069796
1341854255.059434
1341854257.064346
1341854259.069796
1341854255.059434
1341854257.064346
1341854259.069796
1341854255.059434
1341854257.064346
1341854259.069796
1341854255.059434
1341854257.064346
1341854259.069796
1341854255.059434
1341854257.064346
1341854259.069796
1341854255.059434
1341854257.064346
1341854259.069796
1341854255.059434
1341854257.064346
1341854259.069796
1341854255.059434
1341854257.064346
1341854259.069796
1341854255.059434
1341854257.064346
1341854259.069796
1341854255.059434
1341854257.064346
1341854259.069796
1341854255.059434
1341854257.064346
1341854259.069796
1341854255.059434
1341854257.064346
1341854259.069796
1341854255.059434
1341854257.064346
1341854259.069796
1341854255.059434
1341854257.064346
1341854259.069796
1341854255.059434
1341854257.064346
1341854259.069796
1341854255.059434
1341854257.064346
1341854259.069796
1341854255.059434
1341854257.064346
1341854259.069796
1341854255.059434
1341854257.064346
1341854259.069796
1341854255.059434
1341854257.064346
1341854259.069796
1341854255.059434
1341854257.064346
1341854259.069796
1341854255.059434
1341854257.064346
1341854259.069796
1341854255.059434
1341854257.064346
1341854259.069796
1341854255.059434
1341854257.064346
1341854259.069796
1341854255.059434
1341854257.064346
1341854259.069796
1341854255.059434
1341854257.064346
1341854259.069796
1341854255.059434
1341854257.064346
1341854259.069796
1341854255.059434
1341854257.064346
1341854259.069796
1341854255.059434
1341854257.064346
1341854259.069796
1341854255.059434
1341854257.064346
1341854259.069796
1341854255.059434
1341854257.064346
1341854259.069796
1341854255.059434
1341854257.064346
1341854259.069796
1341854255.059434
1341854257.064346
1341854259.069796
1341854255.059434
1341854257.064346
1341854259.069796
1341854255.059434
1341854257.064346
1341854259.069796
1341854255.059434
1341854257.064346
1341854259.069796
1341854255.059434
1341854257.064346
1341854259.069796
1341854255.059434
1341854257.064346
1341854259.069796
1341854255.059434
1341854257.064346
1341854259.069796
1341854255.059434
1341854257.064346
1341854259.069796
1341854255.059434
1341854257.064346
1341854259.069796
1341854255.059434
1341854257.064346
1341854259.069796
1341854261.075267
1341854263.080704
1341854265.086206
1341854267.091635
1341854269.097115
1341854255.059434
1341854257.064346
1341854259.069796
1341854261.075267
1341854263.080704
1341854265.086206
1341854267.091635
1341854269.097115
1341854255.059434
1341854257.064346
1341854259.069796
1341854261.075267
1341854263.080704
1341854265.086206
1341854267.091635
1341854269.097115
1341854255.059434
1341854257.064346
1341854259.069796
1341854261.075267
1341854263.080704
1341854265.086206
1341854267.091635
1341854269.097115
1341854255.059434
1341854257.064346
1341854259.069796
1341854261.075267
1341854263.080704
1341854265.086206
1341854267.091635
1341854269.097115
1341854255.059434
1341854257.064346
1341854259.069796
1341854261.075267
1341854263.080704
1341854265.086206
1341854267.091635
1341854269.097115
1341854255.059434
1341854257.064346
1341854259.069796
1341854261.075267
1341854263.080704
1341854265.086206
1341854267.091635
1341854269.097115
1341854255.059434
1341854257.064346
1341854259.069796
1341854261.075267
1341854263.080704
1341854265.086206
1341854267.091635
1341854269.097115
1341854255.059434
1341854257.064346
1341854259.069796
1341854261.075267
1341854263.080704
1341854265.086206
1341854267.091635
1341854269.097115
1341854255.059434
1341854257.064346
1341854259.069796
1341854261.075267
1341854263.080704
1341854265.086206
1341854267.091635
1341854269.097115
1341854255.059434
1341854257.064346
1341854259.069796
1341854261.075267
1341854263.080704
1341854265.086206
1341854267.091635
1341854269.097115
1341854255.059434
1341854257.064346
1341854259.069796
1341854261.075267
1341854263.080704
1341854265.086206
1341854267.091635
1341854269.097115
1341854255.059434
1341854257.064346
1341854259.069796
1341854261.075267
1341854263.080704
1341854265.086206
1341854267.091635
1341854269.097115
pixel flash on
